ppoi 6 6 2 200 100
b 0 12 1
b 1 11 1
b 3 1 2
b 4 1 0
b 5 1 8
b 6 5 2
s 0 0
s 1 1
s 2 3
s 3 4
s 4 5
s 5 6
c 0 1 150 75 0.85
c 1 3 420 60 0.60
r 0 3 S 49 8 0
r 1 3 S 29 5 3 72 143 158
r 2 1 S 49 9 7 22 42 63 105 131 135 136
r 3 2 S 42 8 0
r 4 3 S 30 2 0
r 5 3 S 42 5 1 67
r 6 3 S 45 2 1 172
r 7 1 S 28 6 0
r 8 1 S 49 7 0
r 9 1 S 53 8 0
r 10 3 S 53 5 0
r 11 2 S 41 8 3 127 129 195
r 12 1 S 47 7 0
r 13 2 L 31 3 4 119 136 151 174
r 14 3 S 37 8 0
r 15 3 S 37 3 3 4 64 145
r 16 2 S 30 6 0
r 17 3 S 29 4 1 186
r 18 3 S 31 5 0
r 19 2 S 39 6 10 24 84 118 143 154 156 167 168 170 187
r 20 2 S 47 8 0
r 21 2 S 33 9 1 63
r 22 3 S 43 8 6 9 10 42 126 185 196
r 23 3 S 32 4 0
r 24 2 S 43 4 16 32 40 41 64 71 75 106 108 110 127 129 132 136 165 167 186
r 25 2 S 47 3 0
r 26 3 S 47 2 0
r 27 3 S 39 4 0
r 28 2 L 32 4 0
r 29 2 S 52 5 0
r 30 3 L 36 4 3 96 98 161
r 31 2 S 39 3 7 42 64 68 75 126 151 163
r 32 3 S 52 9 0
r 33 3 S 43 6 3 16 38 46
r 34 1 S 51 9 2 122 125
r 35 2 S 28 8 10 40 44 64 75 81 87 125 133 183 189
r 36 2 S 34 6 1 31
r 37 3 S 53 6 1 154
r 38 3 S 37 9 0
r 39 3 L 42 8 0
r 40 2 S 37 3 0
r 41 3 S 52 5 3 38 108 196
r 42 1 S 35 5 0
r 43 1 S 48 6 0
r 44 1 S 28 2 0
r 45 1 S 34 5 1 23
r 46 1 S 30 8 0
r 47 2 L 36 9 0
r 48 1 S 31 6 0
r 49 2 L 31 9 1 31
r 50 3 S 46 8 0
r 51 3 S 40 3 1 192
r 52 1 S 51 4 0
r 53 3 L 39 8 1 149
r 54 2 L 33 5 1 102
r 55 1 S 32 4 2 10 72
r 56 1 S 50 3 0
r 57 3 S 39 7 0
r 58 3 L 28 4 2 75 82
r 59 2 S 41 8 9 7 65 69 73 106 123 126 194 198
r 60 3 S 33 5 5 0 44 50 53 173
r 61 2 L 42 8 0
r 62 1 S 54 9 0
r 63 2 S 39 3 0
r 64 2 S 54 4 0
r 65 2 S 52 8 7 5 14 97 109 158 161 176
r 66 3 L 48 8 8 14 38 56 108 113 180 192 195
r 67 3 S 31 6 0
r 68 3 S 28 5 0
r 69 2 L 38 7 1 42
r 70 1 S 44 8 5 5 67 72 92 146
r 71 1 S 32 2 7 27 38 44 61 72 120 163
r 72 3 S 33 9 0
r 73 1 S 43 7 9 31 55 87 88 130 135 145 156 181
r 74 1 S 33 3 2 28 155
r 75 2 S 44 7 0
r 76 1 L 35 9 8 3 9 52 72 127 164 188 195
r 77 2 S 48 6 0
r 78 1 S 49 8 2 42 97
r 79 1 S 28 6 6 0 9 31 142 163 195
r 80 3 S 34 2 1 75
r 81 1 L 31 2 1 187
r 82 3 S 41 5 3 29 62 68
r 83 1 L 28 5 0
r 84 2 S 54 2 7 26 75 98 122 136 153 185
r 85 2 L 29 8 1 164
r 86 3 S 50 6 0
r 87 3 S 35 3 0
r 88 3 L 43 8 1 38
r 89 2 S 41 4 11 11 14 25 44 90 118 130 132 136 150 154
r 90 2 S 41 9 2 32 131
r 91 3 L 45 6 3 106 131 173
r 92 2 L 52 4 0
r 93 3 S 34 7 3 7 143 158
r 94 3 S 39 4 3 40 113 135
r 95 2 S 44 2 4 14 40 134 158
r 96 2 S 54 9 4 52 68 127 196
r 97 1 S 50 8 0
r 98 1 S 28 7 0
r 99 1 S 40 3 0
r 100 2 S 38 9 6 33 42 45 105 143 185
r 101 3 S 50 3 3 63 126 136
r 102 1 S 39 4 1 94
r 103 3 L 37 5 1 50
r 104 2 S 43 8 7 10 40 69 127 153 158 164
r 105 2 L 50 2 5 40 56 126 143 163
r 106 3 S 40 2 0
r 107 2 L 28 9 9 14 16 22 52 62 82 149 164 172
r 108 1 S 37 2 0
r 109 1 S 33 3 2 46 135
r 110 1 S 35 7 0
r 111 3 S 47 4 0
r 112 2 L 28 3 0
r 113 2 L 32 9 0
r 114 2 S 43 9 4 21 155 156 194
r 115 1 S 40 2 11 0 4 40 45 95 107 116 139 165 167 172
r 116 2 S 49 6 0
r 117 2 S 42 7 1 156
r 118 1 L 51 5 2 68 75
r 119 3 S 50 5 9 14 23 26 40 44 52 72 155 195
r 120 2 S 52 9 0
r 121 1 S 33 5 1 167
r 122 1 S 34 6 1 74
r 123 2 S 49 4 6 0 45 63 64 92 97
r 124 2 S 30 6 0
r 125 3 S 32 8 0
r 126 1 S 51 9 0
r 127 3 L 33 6 0
r 128 3 S 41 9 0
r 129 1 S 28 5 2 72 195
r 130 2 S 31 3 0
r 131 1 S 40 4 0
r 132 1 S 32 3 2 42 151
r 133 2 S 33 3 0
r 134 1 S 52 8 1 23
r 135 2 S 39 6 0
r 136 3 S 48 6 0
r 137 3 S 46 9 4 5 164 172 185
r 138 2 L 52 9 0
r 139 1 L 29 2 3 38 150 185
r 140 3 S 34 8 2 129 176
r 141 1 S 42 9 9 9 14 22 31 63 150 185 188 195
r 142 1 S 38 8 1 75
r 143 2 S 54 6 0
r 144 3 S 39 2 0
r 145 1 S 45 7 1 32
r 146 3 L 30 9 0
r 147 1 L 43 6 0
r 148 1 S 40 6 1 24
r 149 3 S 43 3 0
r 150 3 S 34 5 0
r 151 1 S 42 5 0
r 152 2 L 42 6 2 97 125
r 153 3 S 41 5 1 150
r 154 3 S 30 8 0
r 155 1 S 41 4 0
r 156 2 S 33 9 3 16 67 143
r 157 1 L 31 9 0
r 158 1 S 33 5 0
r 159 3 S 36 4 4 32 61 145 165
r 160 2 L 30 8 0
r 161 1 L 54 3 2 69 142
r 162 1 S 41 9 0
r 163 2 L 39 4 0
r 164 1 L 30 9 3 42 44 146
r 165 2 S 40 4 2 62 181
r 166 2 S 28 7 1 165
r 167 3 S 49 7 10 9 46 57 61 67 75 127 150 181 195
r 168 3 L 30 7 4 40 52 72 131
r 169 2 S 35 2 7 0 27 33 40 64 142 154
r 170 1 S 41 5 0
r 171 3 S 53 4 1 22
r 172 3 S 30 4 13 0 27 42 44 52 56 106 127 131 136 185 195 196
r 173 2 S 47 5 7 42 74 75 119 131 149 163
r 174 2 L 37 4 0
r 175 1 S 43 6 17 25 28 36 52 72 75 76 80 82 87 92 96 99 110 139 163 185
r 176 1 S 47 8 1 185
r 177 1 S 37 3 2 33 97
r 178 3 S 48 8 3 38 170 189
r 179 2 L 41 7 1 76
r 180 2 S 44 3 2 75 142
r 181 3 S 40 9 0
r 182 1 S 37 6 10 23 27 37 38 42 45 57 72 75 91
r 183 2 S 45 4 4 82 85 185 191
r 184 2 L 45 2 0
r 185 2 S 51 4 0
r 186 1 S 38 3 5 23 31 38 56 67
r 187 1 L 51 8 3 46 96 163
r 188 3 L 36 4 0
r 189 2 S 43 6 11 9 44 45 74 96 112 136 146 150 151 172
r 190 2 S 30 6 7 17 85 110 130 131 151 155
r 191 2 S 46 8 6 14 82 119 142 164 196
r 192 1 L 53 8 6 0 14 40 82 155 167
r 193 1 L 53 2 0
r 194 3 L 33 2 0
r 195 1 S 45 2 0
r 196 1 S 53 7 0
r 197 2 L 38 8 0
r 198 3 S 49 8 0
r 199 1 S 50 8 1 109
a 0 3 S 53 2 14 15 19 2 15 19 32 41 44 45 47 67 71 73 74 75 85 86 87 92 95 98
a 1 2 S 54 7 24 40 2 39 77
a 2 1 S 54 4 10 14 5 22 53 55 67 89
a 3 2 S 54 6 17 17 0
a 4 2 S 41 7 28 34 4 37 44 57 88
a 5 2 S 32 3 7 7 4 18 57 58 92
a 6 2 S 37 6 17 17 3 0 1 4
a 7 2 L 29 5 13 13 5 32 38 55 67 89
a 8 1 S 33 8 9 7 16 5 9 10 12 15 18 21 32 48 52 57 58 63 64 85 96
a 9 3 L 31 4 19 27 1 32
a 10 1 S 53 7 19 27 5 22 53 55 67 89
a 11 2 S 53 5 19 23 9 18 24 39 41 44 47 75 85 87
a 12 1 S 31 4 6 10 4 22 39 54 67
a 13 1 S 31 6 6 10 1 99
a 14 2 S 48 9 36 34 19 2 12 19 22 32 35 38 39 52 53 54 55 67 68 73 75 77 88 89
a 15 3 S 41 8 48 59 18 2 10 18 21 22 24 25 36 39 40 41 47 73 75 77 89 95 98
a 16 2 S 32 9 23 25 29 1 2 7 10 14 18 19 22 24 25 32 35 37 38 39 40 44 45 47 54 65 67 68 75 76 77 92 96 98
a 17 2 S 38 3 8 11 5 43 51 63 89 93
a 18 2 S 31 7 16 13 17 2 7 14 19 24 35 38 39 40 44 48 55 73 75 77 88 98
a 19 2 S 43 7 28 30 6 2 10 32 52 54 73
a 20 1 S 31 7 10 13 14 2 33 42 50 54 56 63 64 68 71 76 87 91 93
a 21 2 S 35 6 19 24 20 1 7 14 18 19 24 25 32 35 37 38 40 53 67 73 76 77 89 96 98
a 22 3 S 32 2 10 12 0
a 23 3 S 30 7 27 24 1 15
a 24 2 S 54 4 16 28 6 2 7 12 22 68 88
a 25 2 S 53 8 32 44 0
a 26 3 L 36 3 15 23 13 1 7 9 12 14 18 37 52 73 76 81 95 96
a 27 1 L 46 6 8 7 1 35
a 28 3 L 48 3 18 20 10 2 5 9 16 26 42 57 87 89 96
a 29 2 S 38 7 24 29 15 5 7 28 36 38 54 57 63 71 75 79 81 85 86 92
a 30 2 S 53 5 16 28 10 3 12 15 22 44 48 65 72 78 91
a 31 3 S 51 3 21 25 6 16 47 52 58 79 81
a 32 1 L 54 6 15 24 5 22 53 55 67 89
a 33 2 L 49 8 38 46 8 10 12 19 38 45 54 67 68
a 34 1 L 39 4 8 12 17 0 2 7 8 12 15 35 37 39 42 58 74 80 86 87 95 99
a 35 3 S 42 9 46 44 2 7 77
a 36 3 S 47 3 14 14 0
a 37 1 L 54 4 9 10 24 2 7 10 12 19 22 32 35 38 39 40 44 52 53 54 55 67 68 73 75 77 88 89 92
a 38 3 L 35 9 27 34 9 2 10 22 32 53 55 67 73 89
a 39 3 S 44 9 60 97 9 2 10 22 32 53 55 67 73 89
a 40 3 L 39 3 10 17 10 2 10 22 38 53 54 55 67 73 89
a 41 1 L 45 9 21 25 0
a 42 1 S 45 9 19 19 11 24 36 37 38 40 41 54 55 64 65 77
a 43 2 S 28 7 10 9 7 12 24 26 33 39 40 86
a 44 1 L 28 6 5 5 18 2 7 10 12 22 32 38 39 40 52 53 54 55 67 73 77 89 92
a 45 2 S 48 8 23 34 0
a 46 1 S 48 4 8 8 6 7 24 25 39 53 68
a 47 1 L 40 5 7 9 1 88
a 48 1 L 43 4 7 11 15 2 10 22 32 39 44 53 55 67 68 73 77 88 89 92
a 49 2 S 30 7 12 19 22 18 22 24 26 32 33 38 39 41 46 53 65 67 68 72 73 74 77 86 88 90 96
a 50 1 L 36 5 9 11 2 89 98
a 51 2 S 38 4 10 8 15 1 3 9 19 42 44 48 52 55 58 63 65 81 89 95
a 52 1 S 46 9 13 17 12 2 10 22 32 38 39 53 54 55 67 73 89
a 53 3 S 30 9 28 42 3 22 67 89
a 54 2 S 52 3 15 16 9 2 10 22 32 53 55 67 73 89
a 55 2 S 44 6 15 17 3 22 67 89
a 56 1 L 49 9 13 18 3 5 22 46
a 57 2 L 52 6 23 40 2 22 89
a 58 2 S 52 8 34 31 6 37 48 53 57 73 92
a 59 2 S 52 2 7 6 3 4 32 89
a 60 1 S 36 9 12 12 8 16 33 38 44 49 52 69 74
a 61 1 S 35 6 6 7 1 51
a 62 2 S 53 9 32 37 1 46
a 63 3 S 44 9 38 40 6 9 16 38 67 85 98
a 64 3 S 47 2 9 8 5 25 37 39 47 89
a 65 3 L 46 7 41 67 3 21 39 88
a 66 3 L 46 8 36 59 23 0 1 7 8 11 12 13 16 18 26 30 34 37 38 39 43 45 56 64 71 83 89 99
a 67 1 S 52 5 12 11 0
a 68 1 S 40 8 12 13 0
a 69 1 S 34 4 6 6 10 4 24 35 37 51 71 74 77 78 88
a 70 3 L 47 8 52 57 9 25 39 41 45 46 47 50 72 85
a 71 1 S 29 8 10 16 37 1 2 10 12 14 16 18 19 21 22 25 26 32 35 36 38 40 42 44 45 47 48 50 52 54 58 64 74 75 76 81 86 88 89 92 95 98
a 72 1 S 35 8 12 14 11 1 28 35 41 43 52 53 58 63 67 98
a 73 1 S 46 7 16 27 1 53
a 74 1 S 43 7 12 13 0
a 75 2 S 39 7 27 34 2 10 92
a 76 2 L 48 5 20 16 10 1 7 12 38 44 52 53 55 75 77
a 77 1 L 48 5 9 9 7 10 39 53 54 55 73 89
a 78 2 S 33 9 23 25 13 1 10 16 18 25 36 38 57 59 65 75 81 87
a 79 3 S 39 8 39 38 1 19
a 80 2 S 32 5 14 21 1 65
a 81 2 S 32 6 15 13 28 1 7 12 14 18 19 21 24 25 32 35 37 38 39 41 44 47 48 53 54 55 67 68 75 76 92 96 98
a 82 2 S 52 5 16 28 18 2 3 11 28 33 35 37 38 39 40 43 47 50 51 63 68 86 87
a 83 1 S 50 7 18 15 5 7 10 11 55 57
a 84 3 L 54 7 55 96 8 8 37 41 44 55 67 93 98
a 85 3 S 28 5 11 11 1 81
a 86 3 S 37 2 8 13 0
a 87 3 S 43 2 11 14 13 7 12 19 22 36 37 39 41 55 64 67 88 95
a 88 1 S 30 7 7 6 4 2 38 52 53
a 89 2 S 38 6 22 39 1 67
a 90 3 S 53 5 22 25 16 0 10 12 18 33 35 36 41 48 53 54 58 64 87 89 96
a 91 1 S 40 4 5 5 7 15 19 42 45 48 58 67
a 92 1 L 48 7 13 13 6 10 39 53 55 73 89
a 93 3 S 28 6 16 17 20 1 6 11 14 18 22 24 40 42 47 48 49 52 53 55 59 70 74 82 87
a 94 3 S 32 7 19 21 10 6 12 14 16 19 38 45 55 57 89
a 95 2 S 39 7 24 36 5 7 21 41 77 88
a 96 1 L 35 3 4 6 7 7 12 38 44 52 68 73
a 97 1 S 47 8 11 12 17 0 12 13 15 21 24 25 40 42 46 47 58 64 72 79 83 96
a 98 3 S 45 8 53 43 9 12 22 38 52 54 67 73 75 92
a 99 2 L 44 5 15 15 4 18 19 59 64
