ppoi 6 6 2 200 100
sched 200 0
r 0 715 2 0 1
r 1 428 3 0 1 1
r 2 519 2 0 1
r 3 622 2 0 1
r 4 433 2 0 1
r 5 529 1 0
r 6 430 3 0 1 4
r 7 722 1 0
r 8 728 1 0
r 9 618 2 1 1
r 10 421 3 0 1 1
r 11 517 3 0 1 1
r 12 731 1 0
r 13 811 2 0 1
r 14 824 2 0 1
r 15 434 1 1
r 16 816 2 4 4
r 17 420 3 1 1 1
r 18 425 1 1
r 19 818 1 0
r 20 531 3 1 1 1
r 21 620 1 1
r 22 422 2 1 1
r 23 446 2 0 1
r 24 427 1 4
r 25 619 3 1 1 1
r 26 733 1 0
r 27 818 3 0 1 1
r 28 536 2 0 1
r 29 619 3 0 1 4
r 30 810 3 1 1 1
r 31 518 2 1 1
r 32 434 2 1 1
r 33 621 3 1 1 1
r 34 709 2 1 1
r 35 621 3 3 3 3
r 36 635 2 0 1
r 37 423 2 5 6
r 38 816 1 1
r 39 722 2 1 4
r 40 724 2 4 5
r 41 438 1 0
r 42 720 3 1 1 1
r 43 708 2 1 1
r 44 632 1 0
r 45 825 3 4 4 5
r 46 809 1 1
r 47 726 2 1 1
r 48 732 3 1 1 1
r 49 713 3 0 1 4
r 50 824 1 1
r 51 621 3 3 3 3
r 52 526 1 1
r 53 427 2 6 6
r 54 637 3 1 1 1
r 55 724 2 0 1
r 56 825 2 1 1
r 57 812 2 1 1
r 58 446 1 1
r 59 825 2 6 6
r 60 709 1 0
r 61 813 3 1 1 1
r 62 614 2 4 5
r 63 517 2 1 1
r 64 635 1 1
r 65 805 2 0 1
r 66 422 1 1
r 67 817 3 1 1 1
r 68 612 2 0 1
r 69 620 1 6
r 70 715 1 1
r 71 829 1 0
r 72 614 2 0 1
r 73 721 3 1 1 1
r 74 827 2 1 1
r 75 525 2 1 1
r 76 613 3 1 1 1
r 77 616 3 1 3 4
r 78 445 1 1
r 79 814 3 1 3 3
r 80 824 2 1 1
r 81 721 1 1
r 82 441 1 1
r 83 633 2 1 1
r 84 808 1 1
r 85 447 1 1
r 86 615 2 4 6
r 87 612 3 1 1 1
r 88 809 1 0
r 89 824 2 6 6
r 90 640 2 4 4
r 91 720 2 1 1
r 92 832 1 0
r 93 825 3 1 1 1
r 94 426 1 6
r 95 619 2 6 6
r 96 426 1 1
r 97 541 1 1
r 98 622 3 3 4 4
r 99 424 1 1
r 100 532 3 0 1 1
r 101 728 2 1 1
r 102 516 2 4 4
r 103 430 2 1 1
r 104 717 1 1
r 105 717 1 1
r 106 627 2 0 1
r 107 816 1 3
r 108 614 2 1 1
r 109 717 1 1
r 110 535 1 1
r 111 807 1 1
r 112 538 3 1 1 1
r 113 629 1 1
r 114 721 2 3 3
r 115 520 1 1
r 116 631 3 1 1 1
r 117 712 1 0
r 118 533 1 1
r 119 816 1 0
r 120 533 1 1
r 121 536 3 0 1 4
r 122 445 1 1
r 123 538 1 4
r 124 827 2 0 1
r 125 709 1 1
r 126 434 3 4 4 5
r 127 724 2 1 1
r 128 613 1 1
r 129 423 2 3 3
r 130 725 1 1
r 131 815 2 3 3
r 132 629 2 1 1
r 133 616 3 6 6 6
r 134 711 3 1 1 1
r 135 725 1 3
r 136 612 1 1
r 137 442 1 1
r 138 530 1 1
r 139 531 3 1 3 3
r 140 618 3 6 6 6
r 141 714 2 1 1
r 142 441 2 0 1
r 143 716 3 1 1 1
r 144 733 3 1 4 4
r 145 516 2 1 1
r 146 708 1 1
r 147 527 2 0 1
r 148 618 2 4 5
r 149 437 3 1 1 1
r 150 615 3 5 5 5
r 151 812 2 3 3
r 152 527 1 3
r 153 824 1 6
r 154 728 3 1 1 1
r 155 631 2 1 1
r 156 711 3 3 3 3
r 157 733 3 5 6 6
r 158 627 2 4 4
r 159 818 2 4 4
r 160 519 1 5
r 161 637 2 1 3
r 162 420 2 3 3
r 163 519 2 1 3
r 164 625 2 1 1
r 165 536 3 1 3 3
r 166 539 3 3 3 3
r 167 631 2 3 3
r 168 726 3 3 3 3
r 169 715 2 4 5
r 170 517 3 3 3 3
r 171 621 2 5 5
r 172 437 2 0 1
r 173 728 3 3 4 4
r 174 828 1 3
r 175 532 3 5 6 6
r 176 443 2 1 1
r 177 539 2 3 3
r 178 722 3 1 1 3
r 179 444 2 4 4
r 180 827 1 3
r 181 731 1 1
r 182 618 3 1 1 1
r 183 620 2 5 5
r 184 818 3 5 5 5
r 185 532 3 0 1 4
r 186 817 2 5 6
r 187 730 3 1 3 3
r 188 612 3 6 6 6
r 189 805 2 0 1
r 190 617 3 6 6 6
r 191 519 2 3 3
r 192 730 2 3 5
r 193 734 3 6 6 6
r 194 533 1 4
r 195 626 1 5
r 196 804 2 4 4
r 197 524 3 3 3 3
r 198 626 3 0 3 3
r 199 626 1 6
