ppoi 6 6 2 200 100
sched 200 0
r 0 280 3 0 1 1
r 1 473 2 0 1
r 2 93 1 0
r 3 104 3 0 1 1
r 4 383 1 1
r 5 89 1 1
r 6 301 1 0
r 7 483 2 0 1
r 8 486 3 1 1 1
r 9 194 2 1 1
r 10 201 2 0 1
r 11 113 2 1 1
r 12 472 2 1 1
r 13 209 3 1 1 1
r 14 385 3 1 1 3
r 15 398 3 0 1 1
r 16 110 1 0
r 17 187 2 0 1
r 18 389 1 0
r 19 108 2 1 1
r 20 213 3 0 1 1
r 21 109 3 1 3 3
r 22 478 3 0 1 1
r 23 485 2 1 3
r 24 486 3 3 3 3
r 25 294 2 0 1
r 26 381 3 0 1 1
r 27 494 3 0 1 1
r 28 184 2 1 1
r 29 187 3 1 1 3
r 30 88 3 0 1 1
r 31 292 3 1 1 1
r 32 212 2 1 1
r 33 194 1 1
r 34 184 1 1
r 35 302 1 1
r 36 93 1 1
r 37 205 2 3 3
r 38 281 3 1 1 1
r 39 479 2 1 1
r 40 295 1 1
r 41 378 2 1 1
r 42 186 1 3
r 43 93 3 1 1 1
r 44 193 3 3 3 5
r 45 393 1 1
r 46 203 2 1 1
r 47 303 2 1 1
r 48 499 3 1 1 1
r 49 202 3 1 1 1
r 50 95 3 3 3 3
r 51 491 1 3
r 52 493 1 1
r 53 298 2 0 1
r 54 203 3 1 1 3
r 55 111 2 1 3
r 56 381 1 1
r 57 385 2 1 1
r 58 196 2 0 1
r 59 481 1 1
r 60 377 2 3 3
r 61 381 2 3 3
r 62 199 1 0
r 63 195 1 1
r 64 386 1 3
r 65 207 3 3 3 3
r 66 382 2 3 3
r 67 306 1 1
r 68 389 3 1 3 5
r 69 292 2 1 1
r 70 487 1 1
r 71 384 1 3
r 72 106 3 1 3 3
r 73 295 3 1 3 3
r 74 480 3 1 1 1
r 75 298 1 3
r 76 193 3 1 1 3
r 77 194 2 0 3
r 78 194 3 5 5 5
r 79 498 1 3
r 80 89 1 1
r 81 483 2 1 1
r 82 498 1 3
r 83 292 3 3 3 5
r 84 485 3 3 3 5
r 85 196 3 6 6 6
r 86 383 3 3 5 5
r 87 301 1 1
r 88 297 1 1
r 89 298 3 3 3 3
r 90 482 2 1 3
r 91 193 2 3 3
r 92 106 1 1
r 93 109 1 1
r 94 303 3 1 1 1
r 95 297 1 3
r 96 192 1 3
r 97 89 2 1 1
r 98 385 3 0 3 3
r 99 476 1 1
r 100 398 1 1
r 101 303 2 5 5
r 102 477 1 3
r 103 307 1 3
r 104 483 2 3 3
r 105 185 2 3 3
r 106 381 2 1 1
r 107 188 1 3
r 108 287 3 5 5 5
r 109 285 3 1 1 1
r 110 98 2 1 3
r 111 393 2 1 3
r 112 404 1 0
r 113 473 3 3 3 3
r 114 297 1 3
r 115 378 1 0
r 116 288 2 6 6
r 117 388 3 5 5 5
r 118 199 2 1 1
r 119 396 2 0 1
r 120 208 3 1 3 3
r 121 291 1 3
r 122 495 2 1 1
r 123 192 2 6 6
r 124 189 1 3
r 125 110 3 1 1 1
r 126 380 3 5 6 6
r 127 104 2 1 1
r 128 195 2 3 3
r 129 295 2 3 3
r 130 303 1 3
r 131 400 2 3 3
r 132 201 1 3
r 133 298 3 3 3 3
r 134 202 1 3
r 135 296 2 3 5
r 136 388 3 1 1 3
r 137 102 3 1 3 3
r 138 206 3 5 5 5
r 139 294 3 3 3 3
r 140 390 1 1
r 141 492 3 3 3 3
r 142 280 2 3 3
r 143 291 1 0
r 144 302 2 3 4
r 145 94 3 1 1 1
r 146 391 1 1
r 147 193 3 4 4 4
r 148 101 1 3
r 149 307 2 0 3
r 150 205 2 3 4
r 151 397 3 3 3 3
r 152 395 3 1 1 1
r 153 115 2 1 1
r 154 386 1 3
r 155 186 1 3
r 156 390 1 3
r 157 379 1 3
r 158 296 2 4 4
r 159 303 3 1 3 3
r 160 479 1 3
r 161 202 2 3 3
r 162 187 1 3
r 163 198 3 1 3 3
r 164 213 2 3 3
r 165 398 1 3
r 166 106 1 3
r 167 499 2 3 3
r 168 475 3 3 3 3
r 169 488 3 5 5 5
r 170 386 2 3 4
r 171 293 3 4 4 5
r 172 497 2 3 3
r 173 492 3 6 6 6
r 174 383 3 4 4 4
r 175 208 1 5
r 176 293 1 4
r 177 297 2 5 5
r 178 199 1 3
r 179 284 2 1 1
r 180 99 1 1
r 181 285 1 1
r 182 380 3 5 5 5
r 183 288 3 1 1 3
r 184 492 1 3
r 185 300 3 1 1 1
r 186 100 3 0 1 1
r 187 111 2 1 3
r 188 297 3 5 5 6
r 189 90 2 3 3
r 190 493 2 3 3
r 191 102 3 1 1 3
r 192 301 3 5 5 6
r 193 380 2 3 4
r 194 387 2 3 3
r 195 110 2 5 5
r 196 205 3 1 1 1
r 197 107 2 5 5
r 198 206 3 6 6 6
r 199 394 1 0
