ppoi 6 6 2 50 20
sched 50 0
r 0 102 1 0
r 1 89 2 0 1
r 2 300 1 0
r 3 297 3 1 1 3
r 4 290 1 0
r 5 291 1 1
r 6 489 2 0 1
r 7 300 2 1 3
r 8 110 3 0 1 1
r 9 309 1 1
r 10 286 2 1 3
r 11 294 1 3
r 12 292 3 3 3 3
r 13 298 3 3 3 3
r 14 391 1 0
r 15 472 2 0 1
r 16 388 1 1
r 17 103 1 1
r 18 283 1 0
r 19 109 3 3 3 3
r 20 199 3 0 1 1
r 21 114 3 0 1 1
r 22 281 3 1 1 3
r 23 201 2 3 3
r 24 188 2 0 1
r 25 496 3 1 3 3
r 26 115 3 1 3 3
r 27 97 1 1
r 28 304 2 0 1
r 29 112 2 3 3
r 30 290 3 4 6 6
r 31 207 3 1 3 3
r 32 492 2 1 3
r 33 477 1 1
r 34 402 3 0 1 1
r 35 287 1 1
r 36 478 2 3 3
r 37 304 1 3
r 38 207 2 3 4
r 39 496 1 3
r 40 196 1 3
r 41 297 1 4
r 42 378 3 1 3 3
r 43 399 3 0 1 1
r 44 396 1 3
r 45 300 3 3 3 5
r 46 294 1 5
r 47 284 2 3 3
r 48 391 2 1 3
r 49 295 1 6
