ppoi 6 6 2 50 20
sched 50 0
r 0 724 2 0 1
r 1 422 1 0
r 2 427 2 0 1
r 3 833 2 0 1
r 4 817 2 3 3
r 5 713 2 3 3
r 6 533 1 0
r 7 805 3 0 1 1
r 8 543 1 0
r 9 727 1 1
r 10 525 1 0
r 11 713 2 0 1
r 12 709 3 1 3 4
r 13 521 3 0 1 1
r 14 522 2 3 4
r 15 709 1 5
r 16 722 1 3
r 17 731 3 0 1 3
r 18 631 2 3 3
r 19 432 1 1
r 20 805 1 3
r 21 719 1 0
r 22 422 3 3 3 3
r 23 724 3 1 4 5
r 24 422 3 1 1 3
r 25 439 3 0 1 3
r 26 524 1 3
r 27 722 3 5 6 6
r 28 819 2 0 1
r 29 708 1 0
r 30 443 1 3
r 31 423 2 5 6
r 32 615 2 0 1
r 33 636 1 0
r 34 630 1 1
r 35 620 2 3 3
r 36 612 2 0 1
r 37 810 1 0
r 38 720 1 1
r 39 727 3 4 5 5
r 40 805 2 4 5
r 41 519 1 0
r 42 434 3 3 3 3
r 43 538 2 3 3
r 44 429 2 3 4
r 45 623 2 0 1
r 46 532 1 1
r 47 717 2 1 3
r 48 438 2 4 5
r 49 430 2 5 5
