ppoi 6 6 2 200 100
sched 200 0
r 0 725 1 0
r 1 719 3 0 0 0
r 2 438 1 0
r 3 621 2 0 0
r 4 827 2 0 0
r 5 425 2 0 0
r 6 814 2 0 0
r 7 432 2 0 0
r 8 717 2 0 0
r 9 521 2 0 0
r 10 720 2 0 0
r 11 430 1 0
r 12 806 3 0 0 0
r 13 641 1 0
r 14 817 2 0 0
r 15 423 3 0 0 0
r 16 708 1 0
r 17 808 3 0 0 0
r 18 639 2 0 0
r 19 824 3 0 0 0
r 20 717 1 0
r 21 823 3 0 0 0
r 22 531 2 0 0
r 23 715 2 0 1
r 24 435 1 0
r 25 808 3 0 0 0
r 26 634 3 0 0 0
r 27 516 2 0 0
r 28 528 1 0
r 29 721 1 1
r 30 720 1 3
r 31 824 1 0
r 32 813 2 0 0
r 33 536 1 0
r 34 517 3 0 0 0
r 35 441 2 0 0
r 36 814 2 0 0
r 37 522 1 0
r 38 441 2 0 0
r 39 715 3 0 1 3
r 40 620 1 0
r 41 616 3 0 0 0
r 42 623 3 0 0 0
r 43 719 3 0 0 0
r 44 832 1 0
r 45 519 2 0 0
r 46 540 2 0 0
r 47 828 2 0 0
r 48 720 1 0
r 49 430 1 0
r 50 531 1 0
r 51 526 1 0
r 52 824 3 1 1 3
r 53 445 2 0 0
r 54 440 1 0
r 55 527 3 0 0 0
r 56 422 1 0
r 57 828 2 0 0
r 58 632 3 0 1 1
r 59 516 1 0
r 60 633 3 0 0 3
r 61 725 3 1 1 3
r 62 522 1 0
r 63 627 1 0
r 64 619 3 0 0 0
r 65 727 3 0 0 0
r 66 530 2 0 0
r 67 625 2 0 0
r 68 420 2 0 0
r 69 825 2 0 0
r 70 619 1 0
r 71 438 3 0 0 0
r 72 423 2 0 0
r 73 632 3 0 0 0
r 74 440 1 0
r 75 715 3 3 4 4
r 76 526 2 1 1
r 77 536 1 0
r 78 821 1 3
r 79 811 1 1
r 80 711 3 0 0 0
r 81 434 2 0 0
r 82 614 1 0
r 83 435 3 0 0 0
r 84 818 1 4
r 85 809 2 0 0
r 86 428 3 3 3 4
r 87 427 2 0 0
r 88 612 3 0 0 0
r 89 530 2 1 1
r 90 626 1 0
r 91 531 2 3 3
r 92 810 3 1 3 3
r 93 423 3 0 1 1
r 94 433 1 0
r 95 520 2 0 0
r 96 625 3 0 3 3
r 97 824 1 4
r 98 616 3 0 0 1
r 99 435 3 1 1 3
r 100 811 1 4
r 101 712 2 0 0
r 102 633 2 0 0
r 103 534 3 0 0 0
r 104 431 3 0 0 0
r 105 635 1 3
r 106 805 2 0 0
r 107 736 2 0 0
r 108 824 3 4 4 5
r 109 636 3 3 4 4
r 110 449 2 0 0
r 111 630 3 0 0 0
r 112 433 1 0
r 113 828 2 0 0
r 114 807 1 0
r 115 622 2 0 0
r 116 714 3 4 4 5
r 117 622 2 1 1
r 118 425 2 0 0
r 119 734 1 0
r 120 523 3 0 0 0
r 121 823 3 6 6 6
r 122 827 2 0 0
r 123 429 2 1 1
r 124 715 3 0 0 0
r 125 818 3 1 4 4
r 126 531 2 0 0
r 127 436 2 0 6
r 128 518 2 0 0
r 129 727 1 0
r 130 627 1 0
r 131 829 1 1
r 132 825 1 3
r 133 725 2 3 4
r 134 818 2 5 6
r 135 426 2 3 3
r 136 431 3 3 4 4
r 137 439 3 3 4 4
r 138 526 3 3 3 4
r 139 809 1 0
r 140 831 2 0 1
r 141 710 3 0 0 0
r 142 814 3 6 6 6
r 143 434 2 0 0
r 144 614 2 1 3
r 145 613 3 3 4 4
r 146 525 2 0 0
r 147 820 3 6 6 6
r 148 617 3 4 4 5
r 149 426 2 4 4
r 150 714 3 6 6 6
r 151 539 2 0 0
r 152 822 2 6 6
r 153 622 2 3 3
r 154 822 3 0 0 0
r 155 612 3 6 6 6
r 156 427 3 0 0 0
r 157 420 3 4 4 5
r 158 637 1 0
r 159 530 1 4
r 160 542 2 0 0
r 161 615 2 6 6
r 162 817 2 6 6
r 163 618 2 4 6
r 164 731 1 0
r 165 635 3 0 0 0
r 166 438 1 4
r 167 722 2 4 4
r 168 535 2 3 3
r 169 537 2 0 0
r 170 734 2 0 0
r 171 427 1 6
r 172 440 3 4 5 6
r 173 810 3 0 0 0
r 174 811 1 4
r 175 630 3 3 4 4
r 176 722 1 4
r 177 825 1 0
r 178 810 1 3
r 179 525 2 4 4
r 180 528 2 4 4
r 181 812 2 4 4
r 182 443 2 0 0
r 183 635 1 4
r 184 815 1 6
r 185 815 3 6 6 6
r 186 712 2 1 1
r 187 517 2 0 0
r 188 817 3 0 0 0
r 189 717 2 6 6
r 190 425 2 0 0
r 191 517 3 0 0 0
r 192 423 2 6 6
r 193 537 3 0 0 0
r 194 729 1 0
r 195 708 2 6 6
r 196 518 2 0 1
r 197 540 2 0 0
r 198 725 3 5 6 6
r 199 433 1 6
