ppoi 6 6 2 50 20
sched 50 0
r 0 720 1 0
r 1 618 1 0
r 2 713 3 0 1 1
r 3 420 3 1 3 4
r 4 822 3 1 3 4
r 5 424 1 0
r 6 626 1 1
r 7 830 1 0
r 8 431 2 0 1
r 9 431 1 1
r 10 729 2 0 1
r 11 629 1 0
r 12 631 3 1 1 1
r 13 631 3 1 3 4
r 14 820 3 5 5 6
r 15 625 2 1 1
r 16 622 1 1
r 17 619 2 1 1
r 18 719 1 1
r 19 731 3 1 3 4
r 20 716 3 0 1 1
r 21 621 3 1 1 5
r 22 721 2 1 1
r 23 612 1 0
r 24 424 3 1 3 4
r 25 438 3 0 1 1
r 26 727 2 5 5
r 27 809 1 1
r 28 429 2 1 1
r 29 727 2 1 1
r 30 621 2 3 4
r 31 812 3 0 1 1
r 32 813 3 1 1 1
r 33 817 1 1
r 34 722 3 1 3 4
r 35 521 3 1 3 4
r 36 532 1 0
r 37 633 3 1 3 4
r 38 809 1 5
r 39 632 3 1 1 5
r 40 521 3 0 1 1
r 41 530 2 1 1
r 42 431 3 1 1 5
r 43 809 1 6
r 44 638 3 5 5 6
r 45 804 3 0 1 1
r 46 825 1 5
r 47 807 3 6 6 6
r 48 517 1 1
r 49 537 1 1
