ppoi 6 6 2 50 20
sched 50 0
r 0 385 1 1
r 1 289 3 1 5 6
r 2 487 1 1
r 3 97 3 0 3 4
r 4 401 2 1 5
r 5 299 2 0 3
r 6 92 1 4
r 7 100 3 4 6 6
r 8 196 2 1 5
r 9 296 1 1
r 10 395 1 1
r 11 104 2 1 5
r 12 100 1 1
r 13 184 3 1 5 6
r 14 377 3 1 5 6
r 15 189 1 6
r 16 209 3 1 5 6
r 17 105 1 6
r 18 376 3 6 6 6
r 19 392 3 5 6 6
r 20 107 1 0
r 21 395 1 0
r 22 487 1 0
r 23 485 3 3 4 4
r 24 203 1 1
r 25 384 3 6 6 6
r 26 111 2 3 4
r 27 485 3 5 6 6
r 28 393 1 6
r 29 376 1 6
r 30 190 2 0 3
r 31 473 1 0
r 32 92 2 1 5
r 33 288 3 6 6 6
r 34 474 2 1 5
r 35 475 2 6 6
r 36 110 2 1 5
r 37 184 2 6 6
r 38 287 3 6 6 6
r 39 300 2 4 4
r 40 301 3 5 6 6
r 41 191 2 6 6
r 42 198 2 6 6
r 43 104 1 6
r 44 292 3 6 6 6
r 45 283 1 0
r 46 396 2 5 6
r 47 383 3 6 6 6
r 48 205 3 6 6 6
r 49 195 1 6
