ppoi 6 6 2 200 100
sched 200 0
r 0 478 2 0 0
r 1 490 3 1 1 1
r 2 305 1 0
r 3 200 1 1
r 4 187 1 0
r 5 184 1 0
r 6 302 2 1 1
r 7 498 2 0 0
r 8 302 2 1 3
r 9 194 3 0 1 1
r 10 184 2 1 1
r 11 103 1 1
r 12 480 2 1 1
r 13 292 1 0
r 14 387 1 1
r 15 282 3 1 1 1
r 16 195 1 3
r 17 477 1 1
r 18 204 3 0 0 1
r 19 483 1 0
r 20 107 2 0 0
r 21 305 2 4 4
r 22 287 1 0
r 23 387 3 1 1 3
r 24 402 1 0
r 25 394 2 0 0
r 26 388 3 4 4 4
r 27 113 1 1
r 28 298 2 0 0
r 29 200 1 0
r 30 479 1 3
r 31 292 1 1
r 32 199 3 1 3 3
r 33 292 1 1
r 34 286 2 0 1
r 35 397 2 1 1
r 36 197 3 0 3 3
r 37 486 2 0 1
r 38 101 3 0 0 1
r 39 184 3 3 3 3
r 40 494 2 3 4
r 41 188 2 1 1
r 42 293 3 1 1 3
r 43 397 3 3 3 3
r 44 103 2 1 3
r 45 108 3 1 1 3
r 46 480 3 4 4 4
r 47 184 2 1 1
r 48 482 3 1 3 3
r 49 478 3 1 3 3
r 50 202 2 0 1
r 51 301 1 1
r 52 186 3 3 3 3
r 53 287 2 1 3
r 54 293 1 3
r 55 393 2 1 1
r 56 386 2 4 4
r 57 207 3 1 3 3
r 58 480 3 1 3 3
r 59 112 3 1 4 4
r 60 383 3 1 1 1
r 61 110 2 1 3
r 62 395 1 1
r 63 194 1 1
r 64 185 1 3
r 65 304 1 0
r 66 306 1 1
r 67 485 3 3 3 3
r 68 389 2 4 4
r 69 485 2 3 3
r 70 392 2 3 3
r 71 383 3 3 4 4
r 72 386 3 5 5 6
r 73 207 2 3 3
r 74 493 1 1
r 75 498 2 1 1
r 76 396 2 3 3
r 77 193 1 3
r 78 498 3 1 3 3
r 79 478 3 3 3 3
r 80 190 3 3 3 3
r 81 189 1 1
r 82 195 1 1
r 83 294 3 1 3 3
r 84 393 1 1
r 85 104 2 1 3
r 86 398 2 3 3
r 87 492 1 3
r 88 191 2 1 3
r 89 305 3 4 4 4
r 90 494 1 3
r 91 190 3 4 4 4
r 92 299 3 3 3 3
r 93 281 1 3
r 94 302 1 3
r 95 308 3 0 0 3
r 96 395 1 3
r 97 209 3 0 0 1
r 98 202 2 1 3
r 99 295 2 0 3
r 100 89 1 0
r 101 107 1 4
r 102 380 1 0
r 103 376 3 0 1 1
r 104 91 1 1
r 105 390 1 0
r 106 402 3 1 1 1
r 107 109 3 3 3 3
r 108 389 2 3 3
r 109 397 2 3 4
r 110 488 2 3 4
r 111 309 1 1
r 112 189 1 3
r 113 192 3 3 3 3
r 114 192 3 3 3 4
r 115 105 3 3 3 3
r 116 110 2 3 3
r 117 298 1 3
r 118 105 3 3 3 3
r 119 205 3 3 3 3
r 120 476 3 3 3 3
r 121 291 3 3 3 3
r 122 501 1 0
r 123 483 2 4 5
r 124 95 3 1 1 3
r 125 115 3 0 0 1
r 126 397 3 3 3 4
r 127 305 1 3
r 128 190 1 4
r 129 105 3 0 0 3
r 130 399 1 4
r 131 111 1 3
r 132 191 3 1 4 4
r 133 106 2 3 4
r 134 490 2 3 3
r 135 383 1 4
r 136 295 3 3 3 3
r 137 381 3 6 6 6
r 138 285 3 3 4 4
r 139 482 1 5
r 140 495 3 3 3 3
r 141 489 2 3 5
r 142 195 1 5
r 143 288 3 1 1 1
r 144 481 2 6 6
r 145 194 2 5 6
r 146 196 2 4 4
r 147 199 3 3 3 3
r 148 291 3 4 5 5
r 149 89 1 0
r 150 200 3 3 3 4
r 151 473 2 1 1
r 152 385 2 0 1
r 153 88 3 1 1 3
r 154 480 3 6 6 6
r 155 304 1 3
r 156 297 2 3 3
r 157 199 2 5 6
r 158 196 1 4
r 159 96 2 0 3
r 160 207 1 3
r 161 112 2 4 5
r 162 494 3 3 3 3
r 163 307 2 3 3
r 164 88 1 3
r 165 91 3 3 3 3
r 166 285 3 4 4 4
r 167 298 3 3 4 5
r 168 193 2 5 6
r 169 493 1 4
r 170 393 3 5 5 6
r 171 97 2 1 4
r 172 195 1 6
r 173 377 3 0 3 3
r 174 107 2 4 4
r 175 306 1 3
r 176 107 3 3 5 5
r 177 300 1 4
r 178 205 1 3
r 179 484 2 4 4
r 180 297 2 5 6
r 181 396 2 6 6
r 182 390 1 5
r 183 91 1 4
r 184 192 3 6 6 6
r 185 397 2 6 6
r 186 200 2 6 6
r 187 377 2 3 3
r 188 93 3 3 3 3
r 189 304 3 4 4 5
r 190 475 2 1 3
r 191 384 3 0 1 3
r 192 387 1 0
r 193 485 1 1
r 194 289 1 4
r 195 186 1 5
r 196 184 3 1 3 4
r 197 207 1 3
r 198 497 3 5 5 6
r 199 185 1 3
