ppoi 6 6 2 50 20
sched 50 0
r 0 538 1 1
r 1 729 2 3 4
r 2 810 1 3
r 3 427 1 1
r 4 425 2 1 3
r 5 816 2 1 1
r 6 714 2 1 1
r 7 804 1 1
r 8 537 1 1
r 9 523 2 1 1
r 10 523 3 3 3 3
r 11 726 2 1 1
r 12 804 1 1
r 13 817 1 3
r 14 714 1 3
r 15 827 3 1 1 3
r 16 617 3 1 1 3
r 17 734 1 3
r 18 820 3 3 3 3
r 19 443 2 1 1
r 20 813 1 1
r 21 813 1 3
r 22 814 1 4
r 23 442 3 3 3 3
r 24 817 1 4
r 25 521 3 4 4 4
r 26 713 2 3 4
r 27 823 2 1 1
r 28 809 1 4
r 29 622 3 3 3 4
r 30 631 1 1
r 31 531 3 3 3 3
r 32 433 3 1 1 3
r 33 714 2 3 3
r 34 429 3 3 3 4
r 35 442 1 4
r 36 536 1 4
r 37 710 2 1 1
r 38 516 2 3 4
r 39 528 2 3 3
r 40 441 1 4
r 41 809 2 5 6
r 42 518 2 4 5
r 43 821 1 4
r 44 615 2 3 3
r 45 423 2 4 4
r 46 614 2 4 4
r 47 446 3 3 4 5
r 48 629 2 3 4
r 49 710 3 3 3 3
