ppoi 6 6 2 200 100
sched 200 0
r 0 386 1 0
r 1 380 2 0 0
r 2 297 2 0 0
r 3 380 2 0 1
r 4 386 3 1 1 1
r 5 307 1 0
r 6 96 2 0 0
r 7 188 1 0
r 8 497 2 0 0
r 9 491 2 0 0
r 10 491 2 0 0
r 11 96 1 0
r 12 474 2 0 0
r 13 383 3 0 1 1
r 14 474 1 0
r 15 480 1 0
r 16 282 2 0 0
r 17 283 1 1
r 18 395 2 0 0
r 19 484 1 0
r 20 101 2 0 0
r 21 494 1 0
r 22 299 2 0 0
r 23 399 1 0
r 24 205 2 0 0
r 25 209 2 0 0
r 26 306 3 0 0 0
r 27 193 3 0 0 0
r 28 210 2 0 0
r 29 206 2 0 0
r 30 95 3 0 0 1
r 31 98 1 3
r 32 191 1 0
r 33 292 2 1 1
r 34 187 2 1 1
r 35 105 2 0 0
r 36 382 2 0 0
r 37 475 1 0
r 38 391 2 0 0
r 39 488 3 1 1 1
r 40 205 1 1
r 41 202 1 0
r 42 398 3 0 1 1
r 43 107 2 0 0
r 44 204 1 1
r 45 303 2 1 1
r 46 490 2 1 3
r 47 397 3 1 1 1
r 48 93 3 0 1 1
r 49 104 2 0 0
r 50 296 3 0 0 1
r 51 301 3 0 0 1
r 52 285 3 3 5 5
r 53 384 3 1 1 1
r 54 399 1 0
r 55 389 2 0 0
r 56 386 3 3 3 3
r 57 376 2 0 0
r 58 302 1 1
r 59 387 3 4 4 4
r 60 290 2 0 0
r 61 489 3 1 1 1
r 62 88 3 1 1 1
r 63 283 1 0
r 64 93 1 1
r 65 474 2 1 1
r 66 196 2 0 1
r 67 379 1 1
r 68 196 3 0 3 5
r 69 292 3 0 0 1
r 70 195 3 0 1 5
r 71 106 3 0 0 1
r 72 393 2 1 3
r 73 304 3 0 0 0
r 74 186 3 1 1 1
r 75 299 2 1 1
r 76 299 1 1
r 77 103 1 1
r 78 308 2 0 0
r 79 501 3 1 3 5
r 80 288 1 0
r 81 208 3 3 5 5
r 82 191 1 1
r 83 302 1 1
r 84 100 2 0 0
r 85 295 2 1 1
r 86 202 2 0 0
r 87 185 1 0
r 88 394 1 1
r 89 486 2 1 3
r 90 90 3 1 3 3
r 91 109 1 0
r 92 495 3 0 1 1
r 93 92 3 3 4 4
r 94 208 2 1 1
r 95 92 2 4 4
r 96 200 1 0
r 97 280 1 5
r 98 110 2 0 1
r 99 103 1 3
r 100 188 2 0 0
r 101 104 3 1 1 1
r 102 376 1 1
r 103 291 2 5 5
r 104 198 1 1
r 105 489 3 0 0 5
r 106 495 2 1 1
r 107 190 1 1
r 108 384 2 1 3
r 109 499 1 0
r 110 396 2 1 1
r 111 397 1 3
r 112 291 1 5
r 113 284 3 0 0 1
r 114 286 3 1 1 1
r 115 89 3 4 4 4
r 116 91 1 4
r 117 475 1 0
r 118 286 1 6
r 119 399 2 1 1
r 120 482 3 3 3 4
r 121 490 1 5
r 122 484 3 4 4 4
r 123 296 3 3 3 3
r 124 206 3 1 1 1
r 125 477 3 1 1 1
r 126 380 1 5
r 127 389 2 0 0
r 128 98 3 5 5 5
r 129 391 2 1 1
r 130 88 3 4 4 4
r 131 108 3 3 5 5
r 132 296 2 4 4
r 133 101 1 1
r 134 383 2 4 4
r 135 96 3 5 5 6
r 136 492 2 3 3
r 137 390 2 0 0
r 138 382 3 3 3 3
r 139 190 1 0
r 140 399 3 0 1 3
r 141 307 1 1
r 142 208 2 1 1
r 143 197 3 1 1 1
r 144 285 3 1 1 1
r 145 384 1 5
r 146 100 3 1 1 3
r 147 300 3 1 1 4
r 148 203 1 1
r 149 114 3 0 0 0
r 150 479 1 1
r 151 91 2 0 0
r 152 377 1 5
r 153 287 2 3 3
r 154 190 3 3 3 3
r 155 101 3 1 1 1
r 156 193 3 3 3 3
r 157 391 3 5 5 5
r 158 385 2 4 4
r 159 284 3 5 5 6
r 160 95 3 4 4 4
r 161 474 2 0 1
r 162 91 3 0 4 4
r 163 287 2 6 6
r 164 383 3 5 5 6
r 165 189 1 4
r 166 485 3 5 5 5
r 167 208 3 1 3 3
r 168 478 1 1
r 169 197 3 1 1 3
r 170 398 1 5
r 171 190 3 4 4 4
r 172 305 1 0
r 173 473 2 1 1
r 174 477 1 3
r 175 188 2 0 1
r 176 303 3 1 3 3
r 177 187 2 0 3
r 178 498 3 5 5 5
r 179 287 2 3 4
r 180 94 3 4 4 4
r 181 378 1 0
r 182 208 2 3 4
r 183 397 2 5 6
r 184 196 3 4 4 4
r 185 488 2 4 4
r 186 392 1 1
r 187 111 2 1 1
r 188 98 1 0
r 189 473 1 3
r 190 100 2 3 3
r 191 306 2 3 4
r 192 495 2 5 6
r 193 114 1 1
r 194 280 2 0 0
r 195 210 2 1 1
r 196 286 1 4
r 197 94 2 4 5
r 198 106 3 3 3 4
r 199 281 2 6 6
