ppoi 6 6 2 200 100
sched 200 0
r 0 812 3 1 1 1
r 1 534 1 1
r 2 626 1 1
r 3 811 3 1 1 3
r 4 730 3 1 1 1
r 5 804 2 1 1
r 6 821 3 1 1 1
r 7 623 1 1
r 8 521 1 1
r 9 812 3 1 1 1
r 10 633 1 1
r 11 522 3 1 1 1
r 12 804 1 1
r 13 423 3 1 1 1
r 14 630 3 1 1 1
r 15 521 2 1 1
r 16 520 1 1
r 17 810 3 1 1 1
r 18 519 2 3 3
r 19 717 1 1
r 20 436 2 1 1
r 21 826 3 1 1 1
r 22 420 3 1 1 1
r 23 618 3 1 1 1
r 24 520 2 3 3
r 25 633 3 1 3 3
r 26 534 3 1 1 1
r 27 721 3 1 1 1
r 28 624 1 1
r 29 710 2 1 1
r 30 539 3 1 1 1
r 31 639 2 1 1
r 32 821 2 1 1
r 33 428 1 1
r 34 716 3 1 1 1
r 35 619 3 1 1 3
r 36 431 1 1
r 37 532 1 1
r 38 731 3 1 1 1
r 39 433 1 1
r 40 726 2 1 1
r 41 534 1 1
r 42 527 3 1 1 1
r 43 821 1 3
r 44 540 3 1 1 1
r 45 806 2 1 1
r 46 732 3 1 1 3
r 47 822 3 3 3 3
r 48 724 1 1
r 49 433 3 1 1 1
r 50 715 1 1
r 51 616 1 1
r 52 820 2 3 3
r 53 615 1 3
r 54 806 2 3 3
r 55 612 2 3 3
r 56 618 2 1 1
r 57 820 2 3 3
r 58 525 3 3 3 3
r 59 824 1 1
r 60 623 2 3 3
r 61 805 2 3 3
r 62 727 3 3 3 3
r 63 813 2 3 3
r 64 708 2 1 1
r 65 723 3 1 1 1
r 66 724 2 1 1
r 67 426 2 1 3
r 68 617 3 1 1 1
r 69 537 1 3
r 70 431 2 1 3
r 71 519 3 1 1 1
r 72 813 1 1
r 73 439 3 1 1 1
r 74 814 2 3 5
r 75 817 2 3 3
r 76 726 1 1
r 77 421 3 1 1 3
r 78 820 3 3 4 4
r 79 421 3 3 3 3
r 80 721 2 1 3
r 81 434 1 3
r 82 518 3 3 3 3
r 83 428 1 3
r 84 634 3 1 3 3
r 85 634 2 1 1
r 86 726 1 3
r 87 422 3 3 3 3
r 88 616 2 3 3
r 89 519 1 3
r 90 612 1 1
r 91 818 1 4
r 92 527 3 3 3 3
r 93 720 1 3
r 94 517 3 3 3 4
r 95 536 3 3 3 3
r 96 432 2 3 3
r 97 820 2 4 4
r 98 534 2 3 3
r 99 733 2 1 3
r 100 532 3 1 1 1
r 101 625 3 3 3 3
r 102 820 3 1 1 1
r 103 808 1 3
r 104 625 2 3 3
r 105 423 1 1
r 106 422 2 3 3
r 107 712 2 1 1
r 108 538 2 1 3
r 109 624 1 3
r 110 819 3 4 4 4
r 111 709 3 1 1 1
r 112 440 2 1 1
r 113 448 2 1 1
r 114 431 1 1
r 115 533 1 3
r 116 811 3 3 3 3
r 117 429 1 3
r 118 630 3 3 3 3
r 119 710 1 1
r 120 620 3 3 4 4
r 121 433 2 3 3
r 122 616 2 1 1
r 123 807 3 3 3 3
r 124 427 1 1
r 125 441 2 1 1
r 126 519 2 4 4
r 127 723 2 3 3
r 128 448 2 1 1
r 129 621 1 4
r 130 625 3 4 4 4
r 131 712 2 1 1
r 132 638 3 1 3 3
r 133 620 1 3
r 134 712 1 1
r 135 713 3 1 1 3
r 136 618 1 3
r 137 535 2 3 3
r 138 722 1 3
r 139 715 2 3 3
r 140 812 2 3 4
r 141 714 1 1
r 142 532 3 3 4 4
r 143 634 1 3
r 144 420 3 3 4 4
r 145 616 1 3
r 146 528 3 3 3 4
r 147 527 2 4 4
r 148 423 2 4 4
r 149 806 2 3 3
r 150 435 3 3 3 3
r 151 435 2 1 1
r 152 538 1 4
r 153 628 1 1
r 154 804 1 4
r 155 423 2 1 1
r 156 636 2 3 3
r 157 622 3 4 4 4
r 158 430 2 3 3
r 159 420 2 1 1
r 160 429 2 3 3
r 161 439 3 3 3 3
r 162 811 2 6 6
r 163 639 3 3 3 3
r 164 826 1 1
r 165 731 1 3
r 166 441 1 3
r 167 516 2 1 1
r 168 433 2 3 4
r 169 516 1 1
r 170 716 3 3 3 3
r 171 436 3 1 1 1
r 172 621 2 3 5
r 173 439 2 3 5
r 174 635 2 4 4
r 175 709 2 1 3
r 176 813 1 1
r 177 806 3 3 4 4
r 178 527 3 4 4 4
r 179 719 1 1
r 180 430 3 3 3 3
r 181 628 1 3
r 182 439 2 3 3
r 183 830 1 3
r 184 726 3 3 4 4
r 185 806 1 4
r 186 437 1 6
r 187 820 2 4 4
r 188 536 3 4 4 4
r 189 516 1 1
r 190 805 3 3 3 3
r 191 621 3 4 5 6
r 192 423 3 4 4 4
r 193 717 1 1
r 194 531 1 1
r 195 713 3 3 3 3
r 196 712 2 3 3
r 197 815 3 1 1 1
r 198 632 3 3 3 3
r 199 817 2 1 1
