ppoi 6 6 2 200 100
sched 200 0
r 0 101 3 0 0 0
r 1 294 3 0 0 0
r 2 283 1 0
r 3 193 2 0 0
r 4 403 3 0 0 0
r 5 184 3 0 0 0
r 6 393 3 0 0 0
r 7 395 1 0
r 8 479 1 0
r 9 105 1 0
r 10 104 3 0 0 0
r 11 297 2 0 0
r 12 394 1 0
r 13 494 2 0 1
r 14 101 3 0 0 0
r 15 489 3 0 0 0
r 16 112 2 0 0
r 17 402 3 0 0 0
r 18 486 3 0 0 0
r 19 474 2 0 0
r 20 493 2 0 0
r 21 397 2 0 0
r 22 199 3 0 0 0
r 23 91 3 0 0 0
r 24 403 2 0 0
r 25 293 2 0 0
r 26 98 3 0 0 0
r 27 97 3 0 0 0
r 28 93 2 0 1
r 29 103 2 0 0
r 30 380 3 0 1 3
r 31 194 2 0 0
r 32 188 3 0 0 0
r 33 187 3 0 0 0
r 34 378 1 0
r 35 481 2 0 0
r 36 294 2 0 0
r 37 387 3 0 0 0
r 38 95 3 0 0 0
r 39 475 3 0 1 3
r 40 96 2 0 0
r 41 208 3 0 0 0
r 42 110 1 0
r 43 484 1 0
r 44 101 1 0
r 45 194 1 0
r 46 101 1 1
r 47 480 2 3 5
r 48 493 1 0
r 49 389 2 0 1
r 50 296 3 0 0 0
r 51 388 3 0 0 0
r 52 97 1 0
r 53 302 3 0 1 3
r 54 487 2 0 1
r 55 294 1 0
r 56 92 1 0
r 57 99 3 1 1 1
r 58 284 3 0 1 3
r 59 489 2 0 0
r 60 395 3 0 0 0
r 61 90 2 3 3
r 62 92 1 1
r 63 109 2 0 0
r 64 98 2 1 1
r 65 377 2 0 0
r 66 391 3 3 3 5
r 67 96 3 1 1 1
r 68 104 3 1 1 1
r 69 197 2 0 1
r 70 383 1 0
r 71 303 1 0
r 72 108 3 0 0 1
r 73 400 1 0
r 74 188 1 0
r 75 98 2 1 1
r 76 297 1 3
r 77 477 2 0 0
r 78 383 1 0
r 79 394 1 0
r 80 302 3 0 0 0
r 81 381 1 3
r 82 194 3 0 0 0
r 83 478 1 5
r 84 399 2 0 0
r 85 301 2 5 5
r 86 396 3 0 0 1
r 87 297 3 0 1 1
r 88 284 3 3 5 5
r 89 395 2 0 0
r 90 282 2 0 0
r 91 382 3 5 5 5
r 92 292 2 0 1
r 93 472 3 0 0 0
r 94 296 3 1 1 1
r 95 291 2 0 0
r 96 186 2 0 1
r 97 303 1 0
r 98 289 1 0
r 99 299 1 0
r 100 292 2 1 1
r 101 385 3 0 0 0
r 102 380 1 0
r 103 376 3 3 5 5
r 104 395 2 1 1
r 105 201 2 3 3
r 106 107 3 1 1 1
r 107 281 2 5 5
r 108 90 1 0
r 109 281 1 0
r 110 192 1 1
r 111 294 3 1 1 1
r 112 204 2 0 1
r 113 189 2 3 3
r 114 480 2 0 0
r 115 485 1 0
r 116 295 2 1 3
r 117 489 2 0 0
r 118 290 1 3
r 119 186 3 0 1 1
r 120 101 2 3 4
r 121 389 1 0
r 122 302 1 0
r 123 380 2 0 0
r 124 381 2 0 0
r 125 294 3 4 5 6
r 126 103 1 1
r 127 104 3 0 1 3
r 128 486 3 0 1 1
r 129 191 1 1
r 130 299 2 0 0
r 131 92 1 0
r 132 294 1 0
r 133 387 2 0 0
r 134 188 1 1
r 135 97 2 5 6
r 136 104 3 1 5 6
r 137 477 3 0 0 0
r 138 478 2 5 5
r 139 188 1 0
r 140 382 3 0 1 1
r 141 284 1 0
r 142 186 1 1
r 143 113 2 0 0
r 144 492 3 0 0 0
r 145 302 1 0
r 146 106 3 3 5 5
r 147 477 1 5
r 148 487 1 1
r 149 101 3 0 6 6
r 150 96 3 3 4 6
r 151 111 1 0
r 152 485 2 3 5
r 153 301 3 1 1 1
r 154 192 3 1 1 1
r 155 98 1 6
r 156 205 2 0 0
r 157 284 1 5
r 158 186 1 1
r 159 396 3 1 1 1
r 160 302 2 5 5
r 161 287 1 5
r 162 478 1 0
r 163 96 2 5 5
r 164 194 1 5
r 165 208 2 0 0
r 166 494 2 0 0
r 167 207 3 0 0 0
r 168 287 3 5 5 6
r 169 280 2 0 0
r 170 303 1 1
r 171 473 3 0 0 0
r 172 203 3 0 0 0
r 173 302 2 1 1
r 174 402 2 0 1
r 175 382 1 0
r 176 285 1 0
r 177 389 1 1
r 178 394 3 1 1 1
r 179 476 2 5 5
r 180 288 2 0 0
r 181 90 3 1 1 1
r 182 496 1 0
r 183 378 2 0 0
r 184 388 2 3 3
r 185 106 2 1 6
r 186 285 1 0
r 187 295 1 5
r 188 102 3 3 5 5
r 189 303 2 1 1
r 190 484 2 1 1
r 191 290 2 6 6
r 192 286 1 6
r 193 207 1 0
r 194 401 3 3 3 5
r 195 91 1 0
r 196 109 1 0
r 197 482 2 5 6
r 198 378 3 1 1 1
r 199 399 1 1
