ppoi 6 6 2 50 20
sched 50 0
r 0 631 3 0 0 0
r 1 715 2 0 0
r 2 529 2 0 0
r 3 722 1 0
r 4 625 2 0 0
r 5 814 2 0 0
r 6 730 3 0 0 0
r 7 518 1 0
r 8 811 2 0 1
r 9 521 1 0
r 10 526 3 0 1 1
r 11 615 2 0 0
r 12 720 1 3
r 13 722 2 0 0
r 14 622 3 3 5 6
r 15 804 1 3
r 16 727 1 3
r 17 527 1 3
r 18 713 2 0 0
r 19 617 2 0 1
r 20 634 2 3 5
r 21 622 3 0 1 1
r 22 522 3 1 1 1
r 23 821 2 0 0
r 24 437 2 3 5
r 25 817 3 0 1 1
r 26 535 3 3 5 6
r 27 518 2 0 0
r 28 722 3 1 1 1
r 29 612 3 0 1 1
r 30 628 2 1 1
r 31 717 2 1 1
r 32 532 3 3 5 6
r 33 723 1 1
r 34 636 3 1 1 1
r 35 433 1 0
r 36 811 3 1 1 4
r 37 832 1 3
r 38 830 1 0
r 39 715 2 0 1
r 40 709 2 0 1
r 41 630 2 1 4
r 42 438 1 0
r 43 518 2 3 5
r 44 541 1 0
r 45 426 1 0
r 46 630 2 1 6
r 47 633 2 1 1
r 48 616 1 1
r 49 821 3 3 5 6
