ppoi 6 6 2 50 20
sched 50 0
r 0 94 1 0
r 1 209 3 1 1 3
r 2 476 2 1 1
r 3 480 3 3 3 3
r 4 103 3 1 1 3
r 5 192 1 1
r 6 100 2 3 3
r 7 403 1 1
r 8 288 2 1 1
r 9 381 1 1
r 10 376 1 1
r 11 113 2 0 1
r 12 202 3 1 1 3
r 13 296 3 1 1 3
r 14 280 2 0 1
r 15 201 2 3 3
r 16 306 2 1 1
r 17 189 1 0
r 18 492 3 1 1 3
r 19 403 1 0
r 20 187 3 1 3 4
r 21 498 3 3 3 3
r 22 206 1 3
r 23 482 3 3 3 3
r 24 377 3 0 1 3
r 25 296 3 0 1 3
r 26 497 3 0 1 3
r 27 184 2 1 3
r 28 211 2 3 3
r 29 107 3 3 4 4
r 30 283 3 0 1 3
r 31 297 1 4
r 32 484 2 1 1
r 33 103 2 0 1
r 34 290 1 3
r 35 398 1 0
r 36 108 1 4
r 37 187 1 3
r 38 93 3 1 1 3
r 39 296 2 4 4
r 40 483 1 0
r 41 289 3 3 3 3
r 42 210 2 3 3
r 43 285 2 3 3
r 44 289 2 5 5
r 45 108 2 4 6
r 46 92 1 3
r 47 184 1 0
r 48 200 3 0 1 3
r 49 207 1 3
