ppoi 6 6 2 200 100
sched 200 0
r 0 807 2 0 1
r 1 530 1 0
r 2 615 1 0
r 3 423 1 0
r 4 813 2 0 0
r 5 624 2 0 1
r 6 733 2 0 0
r 7 727 2 0 1
r 8 518 2 0 1
r 9 441 3 0 1 1
r 10 820 2 0 1
r 11 824 3 0 0 0
r 12 818 1 1
r 13 714 1 0
r 14 614 3 1 1 3
r 15 712 1 1
r 16 534 2 1 1
r 17 804 3 1 3 4
r 18 630 2 0 1
r 19 544 1 0
r 20 804 3 4 5 5
r 21 816 1 3
r 22 828 3 0 1 1
r 23 813 3 1 4 4
r 24 431 1 0
r 25 732 1 0
r 26 432 1 0
r 27 821 3 4 4 5
r 28 727 1 1
r 29 518 3 1 3 4
r 30 725 3 3 4 4
r 31 528 1 0
r 32 435 2 1 1
r 33 539 3 0 0 0
r 34 536 3 0 3 4
r 35 638 1 1
r 36 625 3 1 3 4
r 37 805 3 0 0 0
r 38 709 2 1 3
r 39 638 1 3
r 40 516 1 4
r 41 734 2 0 0
r 42 535 1 4
r 43 716 2 4 4
r 44 641 3 0 1 4
r 45 622 2 1 3
r 46 720 1 5
r 47 729 2 5 5
r 48 421 1 1
r 49 626 1 4
r 50 620 2 0 4
r 51 811 2 5 5
r 52 811 1 1
r 53 726 2 5 5
r 54 726 1 5
r 55 425 2 1 3
r 56 809 3 1 1 3
r 57 534 2 3 4
r 58 827 2 0 0
r 59 816 3 0 0 0
r 60 635 3 0 0 0
r 61 630 3 4 5 5
r 62 435 2 3 4
r 63 537 1 5
r 64 709 2 5 5
r 65 804 3 5 5 5
r 66 438 1 0
r 67 429 2 0 0
r 68 439 2 3 4
r 69 727 1 0
r 70 526 2 0 0
r 71 712 2 5 5
r 72 421 2 4 4
r 73 629 2 5 5
r 74 427 3 4 4 5
r 75 630 3 5 5 5
r 76 805 1 5
r 77 827 3 1 1 1
r 78 527 3 1 1 3
r 79 444 1 0
r 80 522 2 4 5
r 81 737 1 0
r 82 709 1 0
r 83 727 1 5
r 84 420 1 0
r 85 728 3 5 5 6
r 86 817 3 5 5 5
r 87 521 1 5
r 88 813 2 5 5
r 89 420 1 5
r 90 524 2 0 1
r 91 530 3 0 0 1
r 92 524 2 4 5
r 93 809 2 4 4
r 94 808 2 4 5
r 95 820 3 5 5 5
r 96 431 3 0 0 1
r 97 733 1 1
r 98 436 2 4 5
r 99 716 3 0 0 0
r 100 733 2 0 1
r 101 628 2 5 6
r 102 534 3 0 1 1
r 103 431 3 5 5 5
r 104 806 2 5 6
r 105 828 3 3 4 4
r 106 519 3 5 5 5
r 107 633 2 4 5
r 108 636 1 0
r 109 736 3 3 4 4
r 110 527 1 5
r 111 424 3 5 5 5
r 112 630 2 0 0
r 113 435 3 0 0 1
r 114 622 3 1 4 5
r 115 424 2 5 5
r 116 537 3 5 5 5
r 117 723 1 6
r 118 428 1 1
r 119 520 2 5 5
r 120 635 3 5 5 6
r 121 711 1 0
r 122 538 1 1
r 123 632 2 0 1
r 124 728 1 6
r 125 822 1 0
r 126 721 3 1 1 3
r 127 826 2 5 5
r 128 811 1 6
r 129 730 1 1
r 130 538 1 0
r 131 821 1 5
r 132 713 3 5 5 5
r 133 529 3 5 5 5
r 134 629 2 6 6
r 135 534 2 5 5
r 136 436 2 1 3
r 137 420 3 1 3 5
r 138 435 2 4 4
r 139 430 2 5 5
r 140 539 1 1
r 141 635 1 1
r 142 516 1 5
r 143 628 1 0
r 144 821 3 3 4 4
r 145 625 1 5
r 146 619 2 4 5
r 147 432 2 4 5
r 148 535 3 5 5 5
r 149 537 2 5 6
r 150 821 1 4
r 151 805 3 5 5 5
r 152 721 2 5 5
r 153 523 1 5
r 154 520 1 5
r 155 422 1 5
r 156 710 3 5 6 6
r 157 813 2 5 5
r 158 542 2 3 4
r 159 527 2 6 6
r 160 521 1 5
r 161 815 3 6 6 6
r 162 630 1 0
r 163 523 3 0 0 1
r 164 726 2 5 5
r 165 431 1 5
r 166 521 2 6 6
r 167 827 2 5 5
r 168 734 2 5 5
r 169 432 2 4 5
r 170 617 1 5
r 171 711 2 4 4
r 172 521 1 0
r 173 533 2 5 5
r 174 808 3 6 6 6
r 175 709 1 0
r 176 612 1 0
r 177 431 3 5 6 6
r 178 632 3 1 3 6
r 179 812 2 6 6
r 180 535 1 6
r 181 446 1 1
r 182 811 1 6
r 183 828 2 5 5
r 184 518 1 6
r 185 438 2 5 5
r 186 447 2 0 0
r 187 715 1 6
r 188 813 2 5 6
r 189 435 3 6 6 6
r 190 618 1 4
r 191 616 1 5
r 192 446 3 1 3 4
r 193 532 1 6
r 194 619 3 5 5 5
r 195 537 1 6
r 196 832 3 3 4 4
r 197 708 2 0 0
r 198 531 2 6 6
r 199 441 2 4 5
