ppoi 6 6 2 50 20
sched 50 0
r 0 98 3 0 1 1
r 1 204 1 0
r 2 478 3 0 1 1
r 3 93 1 0
r 4 189 2 0 1
r 5 305 1 0
r 6 488 1 0
r 7 113 1 0
r 8 203 3 1 1 3
r 9 204 3 3 4 6
r 10 398 2 0 1
r 11 291 2 0 1
r 12 284 2 0 1
r 13 197 2 3 4
r 14 90 3 1 1 3
r 15 284 3 1 3 3
r 16 382 2 3 4
r 17 185 3 1 3 3
r 18 475 2 3 4
r 19 107 2 3 4
r 20 292 3 3 4 4
r 21 206 1 6
r 22 193 3 1 3 3
r 23 492 1 1
r 24 203 1 6
r 25 284 3 4 6 6
r 26 96 2 3 3
r 27 107 1 1
r 28 297 3 0 1 1
r 29 297 1 3
r 30 488 3 1 3 3
r 31 484 3 4 6 6
r 32 395 1 1
r 33 300 1 3
r 34 300 1 3
r 35 101 1 3
r 36 473 2 4 4
r 37 309 3 1 1 3
r 38 493 1 4
r 39 294 1 4
r 40 282 2 3 4
r 41 383 3 0 1 1
r 42 486 1 6
r 43 96 2 4 6
r 44 385 3 4 4 5
r 45 383 1 6
r 46 189 1 4
r 47 484 1 3
r 48 481 2 3 3
r 49 193 2 6 6
