ppoi 6 6 2 200 100
sched 200 0
r 0 286 1 0
r 1 480 2 0 0
r 2 101 2 0 0
r 3 198 3 0 0 1
r 4 283 1 0
r 5 393 2 0 0
r 6 204 3 0 0 0
r 7 301 1 0
r 8 475 3 0 0 0
r 9 490 1 0
r 10 100 2 0 0
r 11 193 2 0 0
r 12 285 1 0
r 13 393 1 0
r 14 199 1 0
r 15 476 2 0 0
r 16 390 3 0 0 1
r 17 298 1 0
r 18 107 1 0
r 19 99 3 0 0 0
r 20 397 3 0 0 0
r 21 280 2 0 0
r 22 191 3 0 0 0
r 23 200 2 0 0
r 24 488 2 0 0
r 25 477 2 0 0
r 26 184 3 0 0 1
r 27 297 3 0 0 0
r 28 494 2 0 0
r 29 111 2 0 0
r 30 109 1 0
r 31 304 3 0 0 1
r 32 106 1 0
r 33 190 3 0 0 0
r 34 475 3 0 0 1
r 35 300 2 0 0
r 36 488 2 0 0
r 37 392 3 0 0 0
r 38 187 2 0 0
r 39 103 2 0 0
r 40 488 2 0 0
r 41 289 2 0 0
r 42 300 1 0
r 43 497 2 0 0
r 44 101 2 0 0
r 45 286 1 0
r 46 109 1 0
r 47 479 1 0
r 48 493 1 1
r 49 484 2 1 3
r 50 383 2 0 0
r 51 395 2 0 0
r 52 380 1 0
r 53 285 2 0 0
r 54 211 3 0 0 0
r 55 394 3 0 0 0
r 56 197 2 0 0
r 57 475 2 3 3
r 58 388 3 0 0 0
r 59 475 2 0 0
r 60 301 1 0
r 61 203 3 0 0 0
r 62 212 2 0 0
r 63 391 1 0
r 64 383 2 3 3
r 65 481 2 0 0
r 66 294 3 0 0 0
r 67 107 1 0
r 68 284 3 0 0 0
r 69 187 1 0
r 70 390 3 1 3 3
r 71 213 2 0 0
r 72 376 1 0
r 73 377 1 0
r 74 292 3 0 0 0
r 75 89 1 0
r 76 100 2 0 0
r 77 187 1 0
r 78 479 2 0 0
r 79 394 3 3 3 3
r 80 376 2 0 0
r 81 488 3 0 0 0
r 82 106 1 0
r 83 493 2 0 0
r 84 191 3 0 0 0
r 85 495 3 0 0 0
r 86 187 1 1
r 87 393 3 4 4 4
r 88 491 1 0
r 89 472 2 0 0
r 90 94 2 0 0
r 91 94 3 1 3 3
r 92 299 3 0 0 0
r 93 280 3 0 0 0
r 94 197 1 0
r 95 101 2 3 3
r 96 390 2 4 5
r 97 294 3 0 0 0
r 98 99 3 0 0 0
r 99 99 1 0
r 100 301 1 0
r 101 476 2 0 0
r 102 292 2 0 0
r 103 189 1 0
r 104 195 3 0 0 0
r 105 197 2 0 0
r 106 186 3 0 0 0
r 107 110 1 0
r 108 294 1 0
r 109 103 3 0 0 0
r 110 385 1 0
r 111 193 2 3 3
r 112 294 2 0 1
r 113 398 1 3
r 114 485 2 0 0
r 115 473 2 3 3
r 116 283 3 0 1 3
r 117 94 1 0
r 118 483 2 3 3
r 119 487 1 0
r 120 194 2 0 0
r 121 385 2 0 0
r 122 376 3 0 0 0
r 123 475 1 1
r 124 206 3 0 0 0
r 125 384 2 0 0
r 126 97 2 0 0
r 127 397 2 3 3
r 128 387 1 0
r 129 396 3 4 4 4
r 130 397 1 5
r 131 99 2 0 1
r 132 90 1 0
r 133 498 3 0 0 0
r 134 197 1 0
r 135 486 1 0
r 136 482 3 3 3 4
r 137 206 1 0
r 138 485 1 4
r 139 90 1 0
r 140 102 2 0 3
r 141 109 1 0
r 142 197 1 0
r 143 485 3 4 5 5
r 144 286 3 0 3 3
r 145 384 1 3
r 146 99 1 3
r 147 289 3 0 0 1
r 148 282 1 3
r 149 294 3 1 3 3
r 150 296 2 3 3
r 151 198 3 0 0 0
r 152 291 2 3 4
r 153 475 1 3
r 154 301 1 3
r 155 94 1 0
r 156 391 3 3 3 3
r 157 95 3 4 4 4
r 158 100 1 3
r 159 115 3 0 0 0
r 160 90 1 0
r 161 194 2 0 1
r 162 91 2 0 0
r 163 392 1 3
r 164 97 2 3 3
r 165 397 2 5 5
r 166 486 1 0
r 167 493 1 0
r 168 378 3 0 0 0
r 169 481 1 0
r 170 393 2 3 4
r 171 303 2 0 0
r 172 99 2 3 4
r 173 481 2 5 6
r 174 288 2 3 3
r 175 108 3 0 0 0
r 176 196 1 3
r 177 493 3 0 0 1
r 178 381 2 0 0
r 179 297 2 4 4
r 180 198 2 3 3
r 181 189 3 3 3 3
r 182 298 3 3 3 3
r 183 292 3 3 3 4
r 184 207 3 0 0 1
r 185 280 2 0 0
r 186 381 1 0
r 187 477 1 3
r 188 204 1 3
r 189 475 1 3
r 190 493 1 3
r 191 106 1 0
r 192 490 1 3
r 193 388 2 5 5
r 194 106 2 0 1
r 195 88 1 0
r 196 475 1 3
r 197 109 1 3
r 198 298 2 4 5
r 199 110 3 0 3 3
