ppoi 6 6 2 50 20
sched 50 0
r 0 725 2 0 3
r 1 825 1 0
r 2 432 3 0 3 3
r 3 444 1 0
r 4 525 3 0 3 3
r 5 424 2 4 4
r 6 530 3 0 3 3
r 7 443 1 3
r 8 621 1 0
r 9 814 3 0 3 3
r 10 538 1 0
r 11 427 3 4 4 5
r 12 532 1 0
r 13 615 2 0 3
r 14 442 2 3 4
r 15 709 2 0 0
r 16 530 3 4 4 4
r 17 612 1 3
r 18 615 3 0 0 3
r 19 433 3 4 4 5
r 20 723 3 3 4 4
r 21 809 3 0 3 3
r 22 812 1 4
r 23 617 2 4 4
r 24 431 3 5 5 5
r 25 712 1 0
r 26 439 2 0 0
r 27 709 2 3 3
r 28 814 3 0 0 3
r 29 634 1 0
r 30 808 1 4
r 31 716 1 4
r 32 421 3 0 0 3
r 33 442 1 4
r 34 715 2 4 4
r 35 822 3 0 3 3
r 36 443 1 4
r 37 620 2 3 4
r 38 821 2 4 4
r 39 726 3 4 4 5
r 40 425 1 3
r 41 828 2 3 3
r 42 631 1 0
r 43 522 1 0
r 44 621 3 3 5 6
r 45 638 2 3 3
r 46 634 1 3
r 47 428 3 0 3 3
r 48 429 2 5 6
r 49 828 3 0 0 3
