ppoi 6 6 2 200 100
sched 200 0
r 0 807 2 0 0
r 1 516 2 0 0
r 2 615 1 0
r 3 533 2 0 0
r 4 540 1 0
r 5 808 3 0 0 0
r 6 438 2 0 3
r 7 617 2 0 0
r 8 542 3 0 0 0
r 9 624 2 0 3
r 10 617 3 0 3 4
r 11 526 3 0 0 0
r 12 521 1 0
r 13 632 1 0
r 14 422 3 0 0 0
r 15 717 1 0
r 16 634 3 0 0 0
r 17 536 2 0 0
r 18 525 3 0 0 0
r 19 821 3 0 0 0
r 20 534 3 0 0 0
r 21 710 3 0 3 4
r 22 723 2 0 3
r 23 429 3 0 0 0
r 24 804 2 0 0
r 25 732 2 0 0
r 26 518 2 3 4
r 27 723 1 0
r 28 427 2 0 0
r 29 711 3 4 4 4
r 30 630 3 4 4 4
r 31 527 3 0 0 0
r 32 627 2 0 0
r 33 620 2 0 3
r 34 710 2 0 0
r 35 710 1 0
r 36 444 3 0 0 0
r 37 731 1 0
r 38 634 3 0 0 0
r 39 535 3 0 0 0
r 40 633 2 0 0
r 41 622 1 0
r 42 714 1 0
r 43 735 2 0 0
r 44 521 2 0 0
r 45 624 2 4 4
r 46 444 1 0
r 47 434 2 4 4
r 48 428 3 0 0 0
r 49 712 1 0
r 50 825 3 0 0 0
r 51 519 3 4 4 4
r 52 616 1 4
r 53 725 3 0 0 0
r 54 625 3 4 4 6
r 55 727 2 0 0
r 56 426 3 0 0 0
r 57 816 3 0 0 0
r 58 436 1 4
r 59 732 3 0 0 0
r 60 731 1 0
r 61 824 1 0
r 62 730 2 0 0
r 63 824 2 0 0
r 64 712 2 0 0
r 65 613 3 0 0 0
r 66 427 2 0 3
r 67 810 2 0 0
r 68 421 1 0
r 69 728 2 0 0
r 70 534 2 0 0
r 71 442 1 4
r 72 731 2 0 0
r 73 544 1 0
r 74 431 3 0 0 0
r 75 538 2 3 4
r 76 519 1 0
r 77 613 3 0 0 0
r 78 442 3 4 4 6
r 79 539 2 0 0
r 80 424 3 0 0 0
r 81 729 2 0 1
r 82 727 3 1 3 3
r 83 426 3 0 0 0
r 84 805 2 0 0
r 85 721 1 0
r 86 527 1 0
r 87 814 1 0
r 88 432 2 0 0
r 89 622 3 6 6 6
r 90 525 2 0 0
r 91 439 1 0
r 92 521 1 0
r 93 421 3 4 4 4
r 94 722 3 4 4 4
r 95 422 2 0 0
r 96 612 2 4 4
r 97 709 2 6 6
r 98 822 3 0 0 0
r 99 431 2 0 0
r 100 421 2 0 0
r 101 632 3 0 0 0
r 102 534 3 0 0 0
r 103 631 3 0 0 0
r 104 438 2 4 6
r 105 711 3 0 0 0
r 106 617 2 0 0
r 107 733 2 0 3
r 108 615 1 0
r 109 805 1 0
r 110 429 2 0 0
r 111 720 2 0 0
r 112 731 3 0 3 4
r 113 536 2 0 0
r 114 713 2 0 0
r 115 439 3 4 4 6
r 116 536 1 0
r 117 528 2 0 0
r 118 718 1 0
r 119 524 1 0
r 120 813 2 0 0
r 121 728 3 4 6 6
r 122 617 1 0
r 123 629 1 1
r 124 719 1 0
r 125 525 1 0
r 126 632 3 1 3 3
r 127 534 3 1 1 3
r 128 428 3 4 4 4
r 129 524 3 0 1 1
r 130 731 1 3
r 131 636 3 0 0 0
r 132 534 2 4 4
r 133 820 3 0 0 0
r 134 629 1 0
r 135 538 2 0 0
r 136 530 3 0 0 3
r 137 708 1 6
r 138 517 3 6 6 6
r 139 423 2 0 0
r 140 517 3 0 4 4
r 141 623 3 0 0 0
r 142 430 2 0 0
r 143 517 3 0 0 0
r 144 822 3 0 0 0
r 145 530 3 0 3 4
r 146 439 2 6 6
r 147 525 2 4 4
r 148 726 2 3 3
r 149 713 3 0 0 0
r 150 821 2 3 4
r 151 727 3 0 0 0
r 152 819 3 0 4 4
r 153 805 3 0 0 0
r 154 732 2 3 4
r 155 538 3 0 3 3
r 156 538 1 3
r 157 432 3 0 0 0
r 158 535 3 3 3 3
r 159 632 2 3 3
r 160 616 2 0 0
r 161 612 1 0
r 162 427 3 0 1 1
r 163 621 1 0
r 164 634 2 3 3
r 165 714 1 0
r 166 525 2 3 3
r 167 624 1 0
r 168 816 1 0
r 169 715 3 6 6 6
r 170 519 3 0 0 0
r 171 438 1 6
r 172 433 1 3
r 173 711 3 0 1 1
r 174 538 2 4 6
r 175 518 2 0 0
r 176 824 1 0
r 177 421 3 4 6 6
r 178 435 1 0
r 179 516 2 0 0
r 180 819 1 0
r 181 724 3 0 0 0
r 182 519 3 0 6 6
r 183 443 1 0
r 184 426 2 6 6
r 185 529 1 4
r 186 443 2 0 3
r 187 815 2 0 0
r 188 811 3 3 4 4
r 189 634 1 4
r 190 718 2 0 0
r 191 828 1 0
r 192 731 3 4 5 5
r 193 423 2 0 0
r 194 438 3 0 0 0
r 195 729 2 5 5
r 196 612 3 0 0 0
r 197 826 1 0
r 198 626 2 0 0
r 199 827 1 0
