ppoi 6 6 2 50 20
sched 50 0
r 0 205 1 1
r 1 486 1 1
r 2 393 1 1
r 3 377 2 0 3
r 4 103 3 1 1 1
r 5 98 1 3
r 6 103 1 0
r 7 378 1 1
r 8 208 1 0
r 9 486 1 1
r 10 191 1 0
r 11 97 2 1 1
r 12 184 3 1 1 1
r 13 302 3 0 3 4
r 14 380 1 0
r 15 299 2 0 3
r 16 484 2 1 3
r 17 102 2 3 4
r 18 114 1 1
r 19 207 3 3 4 5
r 20 380 1 1
r 21 305 2 1 1
r 22 94 3 1 3 4
r 23 288 3 1 1 1
r 24 108 2 3 3
r 25 200 1 1
r 26 190 2 3 4
r 27 106 3 4 4 5
r 28 395 2 1 1
r 29 92 2 1 1
r 30 293 3 1 1 1
r 31 300 3 1 1 1
r 32 472 3 1 1 1
r 33 193 2 5 5
r 34 398 3 0 3 4
r 35 111 1 1
r 36 89 1 1
r 37 295 3 3 3 4
r 38 391 3 0 3 4
r 39 394 2 3 3
r 40 478 3 1 1 3
r 41 191 2 1 1
r 42 404 3 1 1 1
r 43 186 1 3
r 44 194 1 6
r 45 107 3 5 5 5
r 46 379 2 3 4
r 47 386 1 1
r 48 98 2 4 5
r 49 302 3 1 1 1
