ppoi 6 6 2 200 100
b 0 1 5
b 1 2 3
b 3 1 1
b 4 2 3
b 5 8 6
b 6 9 2
s 0 0
s 1 1
s 2 3
s 3 4
s 4 5
s 5 6
c 0 1 150 75 0.85
c 1 3 420 60 0.60
r 0 2 S 55 8 0
r 1 1 S 76 5 1 55
r 2 1 S 68 5 6 74 91 102 118 172 192
r 3 1 S 76 5 0
r 4 2 L 63 8 5 33 49 84 114 185
r 5 2 S 60 6 0
r 6 2 L 101 6 5 31 106 143 163 189
r 7 2 S 69 4 0
r 8 2 S 88 4 1 9
r 9 3 S 60 3 0
r 10 2 S 63 8 1 9
r 11 3 L 78 9 1 177
r 12 1 S 62 6 0
r 13 1 S 78 8 12 1 34 74 78 80 92 96 135 159 162 191 192
r 14 3 S 102 8 0
r 15 1 S 94 7 6 19 24 34 39 91 120
r 16 2 S 71 4 7 55 72 89 98 186 189 199
r 17 3 S 95 9 4 45 118 132 186
r 18 2 S 98 9 0
r 19 1 S 103 3 1 55
r 20 3 S 81 9 1 47
r 21 1 S 81 6 2 142 146
r 22 3 S 56 6 3 5 85 155
r 23 3 S 93 5 0
r 24 1 L 57 3 0
r 25 1 L 74 3 2 155 191
r 26 1 S 90 7 0
r 27 3 S 84 7 11 7 14 41 70 83 91 112 114 116 135 180
r 28 1 S 96 4 2 123 191
r 29 3 S 101 4 26 24 26 48 62 67 68 74 79 84 89 96 98 103 113 118 137 138 139 155 165 169 181 185 186 189 192
r 30 3 S 67 5 2 26 199
r 31 1 L 64 3 2 55 84
r 32 2 S 81 3 0
r 33 3 L 53 8 0
r 34 3 S 73 5 2 79 111
r 35 1 S 56 5 2 90 177
r 36 3 S 64 6 1 3
r 37 3 L 77 9 4 84 98 106 126
r 38 2 S 79 9 7 44 50 55 162 166 177 192
r 39 1 S 88 4 4 3 32 98 122
r 40 1 S 73 7 0
r 41 2 L 56 3 7 1 45 90 122 172 192 195
r 42 1 S 70 6 0
r 43 2 S 87 9 6 106 108 111 136 165 169
r 44 3 S 75 2 0
r 45 2 S 55 3 2 57 118
r 46 1 S 91 8 2 67 101
r 47 2 S 89 3 2 89 189
r 48 1 S 90 9 0
r 49 1 S 65 3 7 91 113 119 135 148 169 199
r 50 2 S 87 4 0
r 51 2 S 67 7 10 62 84 97 98 113 145 148 149 178 189
r 52 1 L 96 6 15 3 6 8 40 43 68 70 73 75 91 92 134 145 197 199
r 53 2 S 102 6 3 36 112 178
r 54 1 S 76 9 2 63 72
r 55 2 S 70 3 0
r 56 3 L 91 8 2 55 163
r 57 2 S 60 2 1 89
r 58 2 L 59 7 5 14 135 148 154 195
r 59 3 L 84 8 0
r 60 3 L 93 8 0
r 61 3 S 74 8 1 113
r 62 2 S 64 4 0
r 63 1 S 103 8 0
r 64 2 S 95 8 9 31 39 40 45 78 122 170 176 186
r 65 3 S 77 9 1 185
r 66 1 L 74 4 0
r 67 2 L 79 4 0
r 68 2 S 64 4 0
r 69 1 L 67 4 5 26 79 92 96 106
r 70 2 L 91 9 0
r 71 2 S 77 5 2 55 116
r 72 2 S 90 5 0
r 73 2 S 80 3 3 1 26 57
r 74 3 S 91 5 0
r 75 3 S 98 7 0
r 76 1 S 80 3 4 2 7 31 177
r 77 3 L 58 8 6 83 103 129 147 176 190
r 78 3 S 102 5 2 98 169
r 79 1 S 73 3 0
r 80 2 S 53 9 0
r 81 1 S 89 2 1 139
r 82 1 S 83 4 11 1 39 67 78 87 111 113 116 148 190 193
r 83 1 S 75 9 1 176
r 84 1 S 88 3 0
r 85 3 S 73 2 1 2
r 86 3 S 74 7 0
r 87 1 S 87 8 3 68 84 189
r 88 2 S 98 5 0
r 89 1 S 76 6 0
r 90 2 S 94 2 0
r 91 3 L 102 9 9 67 74 79 111 136 139 165 185 186
r 92 2 S 83 7 2 115 177
r 93 2 L 57 6 19 5 14 29 47 48 74 89 99 108 132 135 136 137 149 155 158 187 190 191
r 94 2 L 55 6 1 107
r 95 3 S 72 2 0
r 96 3 L 55 8 0
r 97 1 S 75 6 1 103
r 98 2 S 96 5 0
r 99 3 L 96 6 0
r 100 2 S 84 4 0
r 101 2 S 72 5 4 34 40 92 133
r 102 3 L 52 4 1 169
r 103 3 S 95 5 0
r 104 2 S 57 9 1 145
r 105 3 S 95 3 1 84
r 106 3 S 69 3 0
r 107 2 S 86 8 0
r 108 1 L 81 2 6 8 16 62 113 137 189
r 109 3 S 86 3 3 49 141 143
r 110 1 S 95 9 2 26 136
r 111 3 S 97 7 0
r 112 2 L 92 3 4 16 111 130 195
r 113 3 L 55 5 0
r 114 3 S 98 2 5 68 90 118 158 159
r 115 2 S 61 2 0
r 116 3 S 89 2 3 62 67 165
r 117 1 S 94 9 13 16 48 57 66 67 106 107 111 134 153 154 163 170
r 118 1 S 100 7 0
r 119 2 S 77 9 0
r 120 3 S 101 6 1 195
r 121 1 L 85 2 6 18 39 72 89 162 195
r 122 1 S 57 9 0
r 123 2 L 80 9 2 74 160
r 124 1 S 60 2 1 133
r 125 1 L 90 4 3 13 116 166
r 126 3 S 64 3 1 198
r 127 2 S 84 7 1 38
r 128 1 S 72 4 2 16 54
r 129 1 L 68 6 7 5 19 89 118 142 146 158
r 130 1 L 99 2 6 24 66 74 115 139 177
r 131 1 S 92 6 3 64 108 165
r 132 3 S 76 8 0
r 133 3 S 59 2 2 72 155
r 134 2 S 53 5 3 103 138 163
r 135 2 S 65 2 2 24 189
r 136 2 L 61 6 0
r 137 3 S 73 2 0
r 138 2 L 57 7 0
r 139 2 S 73 9 0
r 140 1 S 79 8 1 103
r 141 1 L 74 3 1 185
r 142 1 S 65 3 3 111 177 199
r 143 1 L 89 8 4 34 80 133 185
r 144 3 L 103 8 1 153
r 145 1 S 81 3 1 149
r 146 2 S 54 2 0
r 147 2 S 75 4 0
r 148 3 S 84 7 3 137 138 185
r 149 2 S 59 9 1 103
r 150 1 L 94 9 12 29 31 46 50 55 75 82 87 116 166 173 178
r 151 3 L 66 9 3 25 63 79
r 152 2 S 54 6 6 60 103 154 162 172 186
r 153 1 S 80 7 1 96
r 154 1 S 97 8 7 62 98 103 111 113 165 189
r 155 1 S 83 4 0
r 156 3 S 92 8 12 14 35 57 78 84 139 142 143 153 166 191 194
r 157 2 L 68 8 5 26 36 90 172 192
r 158 2 S 69 4 2 62 189
r 159 2 S 100 8 3 74 96 181
r 160 1 S 99 6 0
r 161 3 S 73 9 2 25 143
r 162 1 L 87 4 1 8
r 163 3 L 90 7 3 67 89 186
r 164 2 S 74 3 3 73 106 195
r 165 1 S 70 6 0
r 166 2 S 103 8 0
r 167 2 S 80 2 1 29
r 168 2 S 95 4 12 9 14 33 39 42 73 74 75 92 108 134 140
r 169 2 L 95 7 0
r 170 1 S 54 6 13 1 3 57 67 80 91 111 116 147 155 185 195 199
r 171 2 S 79 5 4 36 137 159 191
r 172 1 L 64 6 3 66 68 118
r 173 2 S 100 4 0
r 174 3 S 92 6 5 16 40 63 84 101
r 175 1 L 58 5 4 42 154 155 177
r 176 1 L 59 8 1 31
r 177 3 S 96 8 0
r 178 3 S 98 4 2 116 136
r 179 2 L 73 2 2 1 171
r 180 1 S 63 6 2 24 55
r 181 1 S 71 5 0
r 182 1 S 94 9 5 26 44 117 149 154
r 183 2 S 72 5 2 147 180
r 184 1 S 56 5 0
r 185 2 S 88 7 0
r 186 2 L 80 2 0
r 187 1 S 98 4 0
r 188 2 S 54 8 14 28 36 42 45 66 82 89 90 99 141 149 177 195 197
r 189 3 S 57 2 0
r 190 1 S 59 2 3 79 142 172
r 191 1 S 86 8 1 138
r 192 3 S 89 5 0
r 193 1 S 99 8 4 26 48 118 169
r 194 3 S 100 3 0
r 195 1 S 96 3 3 66 79 103
r 196 3 S 89 2 1 109
r 197 2 L 72 6 0
r 198 2 S 77 6 7 55 68 79 137 181 186 199
r 199 2 S 95 8 0
a 0 3 S 61 2 5 3 3 36 53 98
a 1 3 L 63 5 11 9 16 4 8 9 16 31 47 52 59 61 64 68 72 76 79 84 86
a 2 1 S 68 2 3 1 2 51 86
a 3 2 S 67 7 12 8 7 36 42 61 71 86 90 92
a 4 2 S 84 7 15 10 11 8 9 16 31 47 59 61 64 68 72 84
a 5 1 S 60 4 3 2 4 8 56 59 64
a 6 3 L 99 5 19 16 4 25 54 68 78
a 7 2 S 56 4 6 3 11 4 6 12 14 16 31 55 56 57 73 75
a 8 2 S 75 8 14 13 1 31
a 9 3 S 83 7 24 13 4 8 16 31 72
a 10 3 L 103 9 42 17 14 9 12 13 24 32 43 48 51 55 63 72 78 86 98
a 11 3 S 64 5 11 5 9 5 12 18 38 51 58 59 76 87
a 12 2 L 55 6 10 6 5 38 43 61 76 96
a 13 1 L 101 7 11 7 2 8 86
a 14 2 L 82 9 20 10 1 30
a 15 3 S 79 2 6 3 16 4 8 9 16 31 47 52 59 61 64 68 72 76 79 84 86
a 16 2 S 95 6 18 9 1 31
a 17 1 S 67 6 5 3 3 47 72 84
a 18 3 L 100 7 24 14 13 1 5 8 24 30 51 57 64 67 79 81 91 98
a 19 3 L 95 9 28 25 8 1 5 8 16 17 75 78 81
a 20 1 S 79 6 7 2 3 13 56 68
a 21 1 S 82 6 7 3 18 12 14 16 24 26 28 30 32 33 42 54 59 60 67 71 81 90 94
a 22 2 S 57 3 4 3 3 32 64 82
a 23 1 L 94 8 8 5 1 72
a 24 1 S 75 2 2 1 1 59
a 25 2 S 72 5 11 4 5 1 29 53 81 90
a 26 1 S 55 9 6 3 7 23 24 27 58 78 88 91
a 27 2 L 90 7 14 13 12 1 4 16 31 38 52 64 68 76 78 84 86
a 28 3 S 68 6 16 11 0
a 29 2 S 80 6 12 5 18 2 12 13 17 22 23 28 41 46 48 58 60 61 70 84 92 97 98
a 30 2 S 74 6 13 8 3 15 16 61
a 31 1 S 63 2 2 0 0
a 32 3 S 52 3 8 3 5 13 43 52 53 58
a 33 2 L 60 8 15 5 31 0 1 2 4 8 11 12 18 20 24 25 28 31 34 41 42 49 50 51 54 58 60 61 64 76 79 82 84 88 96 99
a 34 2 S 65 8 14 8 7 20 27 43 47 48 76 86
a 35 2 S 70 2 4 2 7 24 40 45 46 72 86 92
a 36 2 L 88 6 14 7 10 1 4 13 16 31 59 71 72 86 96
a 37 2 L 98 5 12 6 4 29 70 75 96
a 38 2 S 73 7 15 9 1 76
a 39 2 S 57 4 6 4 8 3 7 9 10 37 50 68 79
a 40 3 L 66 7 16 13 31 0 1 5 6 10 11 12 13 15 20 28 33 34 42 49 50 53 54 59 61 63 70 72 73 76 78 81 87 90 92 93
a 41 3 S 78 5 16 12 9 28 52 57 58 64 71 72 86 98
a 42 1 S 74 5 5 3 31 1 4 5 8 9 17 27 30 31 32 34 38 43 47 48 49 52 53 56 59 64 67 70 71 72 76 78 82 84 90 96
a 43 1 S 68 5 5 3 9 1 13 16 28 31 61 64 76 96
a 44 3 S 86 9 29 16 6 4 16 26 39 96 97
a 45 2 S 53 4 7 3 10 9 15 17 53 58 59 76 78 84 96
a 46 1 S 56 7 6 2 10 1 5 12 16 31 47 48 56 59 88
a 47 1 S 88 3 4 1 4 8 16 31 72
a 48 1 L 100 9 13 8 15 1 8 9 16 23 28 36 53 57 68 76 78 79 84 96
a 49 3 S 54 3 8 3 10 13 15 23 28 31 47 61 68 71 79
a 50 2 S 96 2 5 3 3 27 36 76
a 51 1 S 74 3 3 1 12 1 16 17 23 27 31 32 56 57 70 76 79
a 52 1 L 93 9 13 5 0
a 53 2 S 55 5 7 4 9 16 31 47 59 61 64 76 84 86
a 54 2 L 56 7 12 7 21 4 13 16 27 28 31 34 38 41 42 45 48 49 51 53 67 70 72 76 79 82
a 55 1 S 70 8 9 3 0
a 56 1 S 70 4 4 2 27 1 4 8 9 13 15 16 28 30 31 36 38 43 47 49 52 53 59 64 68 71 72 76 78 79 84 96
a 57 3 L 88 3 12 5 10 1 8 9 15 23 52 61 68 76 84
a 58 2 L 76 5 11 8 0
a 59 2 S 53 4 5 3 8 8 9 16 31 47 64 72 84
a 60 1 L 94 4 6 3 8 4 20 27 47 59 68 84 97
a 61 1 S 75 7 6 3 8 8 9 16 31 47 64 72 84
a 62 2 S 75 6 12 7 5 4 18 28 32 88
a 63 2 S 93 6 15 9 6 2 16 24 31 53 71
a 64 3 S 92 5 19 13 4 8 16 31 72
a 65 2 L 57 7 10 8 3 8 22 63
a 66 3 L 64 5 13 6 8 9 20 24 46 51 60 63 99
a 67 1 S 52 9 7 4 4 49 53 58 86
a 68 1 S 67 2 2 0 8 8 9 16 31 47 64 72 84
a 69 1 S 55 2 2 0 0
a 70 3 L 86 9 27 25 22 4 8 9 13 15 16 28 30 36 38 47 49 52 53 56 57 58 59 61 76 78 96
a 71 2 L 94 3 9 5 0
a 72 3 S 78 9 30 21 1 31
a 73 3 L 70 6 14 12 53 1 2 4 8 9 12 14 15 16 17 20 23 24 26 27 28 30 31 32 34 36 41 42 43 45 47 49 51 52 53 54 56 57 58 61 63 64 67 68 70 72 76 78 82 84 86 87 88 90 91 92 96 97
a 74 3 S 76 8 21 11 4 5 15 47 75
a 75 2 S 61 7 13 8 8 16 18 27 32 41 56 67 82
a 76 2 S 56 9 13 10 14 4 8 9 16 31 47 59 61 64 68 72 79 84 86
a 77 3 L 81 8 26 14 5 5 27 30 41 60
a 78 1 S 56 9 7 3 1 57
a 79 1 S 55 5 4 2 11 8 9 16 31 47 59 61 64 68 72 84
a 80 2 S 71 7 14 8 1 24
a 81 3 L 87 5 14 10 7 13 15 38 57 67 86 97
a 82 2 S 75 5 11 6 3 30 57 72
a 83 1 S 60 6 5 3 5 19 43 54 58 86
a 84 1 S 100 2 3 1 1 31
a 85 3 S 59 7 16 9 5 28 31 47 73 99
a 86 3 S 77 2 7 2 10 8 9 16 31 47 59 61 64 68 72
a 87 3 S 60 8 22 8 35 1 4 8 13 15 16 17 23 28 30 31 36 38 43 47 49 52 53 56 57 58 59 61 64 68 70 71 72 76 78 79 82 84 90 96
a 88 2 S 66 3 6 4 8 1 9 28 49 52 70 72 79
a 89 1 S 74 2 3 1 5 60 66 69 88 90
a 90 2 S 93 2 6 4 1 47
a 91 3 L 92 9 34 25 1 1
a 92 3 S 86 6 20 9 2 1 48
a 93 1 S 83 8 8 7 15 2 12 17 23 24 25 26 45 47 52 58 63 72 86 98
a 94 1 S 63 8 6 3 12 2 30 42 45 50 52 61 67 78 82 84 86
a 95 3 S 102 3 14 5 6 9 57 60 73 79 87
a 96 1 S 59 2 2 1 2 72 84
a 97 3 S 101 6 20 16 6 16 27 47 56 61 96
a 98 3 S 57 2 6 2 5 4 28 52 58 90
a 99 1 S 102 5 7 5 40 1 4 8 15 20 22 23 24 26 27 28 30 31 38 42 43 45 46 50 51 52 53 54 56 57 58 61 63 64 68 71 73 79 84 86 88 91 92 96 98
