ppoi 6 6 2 50 20
b 0 0 0
b 1 2 0
b 3 3 1
b 4 4 1
b 5 2 1
b 6 1 1
s 0 0
s 1 1
s 2 3
s 3 4
s 4 5
s 5 6
c 0 1 150 75 0.85
c 1 3 420 60 0.60
r 0 1 S 398 3 8 3 4 23 32 34 40 45 47
r 1 2 L 384 4 0
r 2 1 L 253 3 3 10 31 36
r 3 1 S 404 5 0
r 4 2 S 296 6 0
r 5 2 S 386 6 8 8 19 23 32 36 44 46 47
r 6 2 S 226 8 2 25 46
r 7 1 S 266 3 0
r 8 1 S 305 7 2 3 35
r 9 2 S 215 7 0
r 10 3 S 308 5 2 4 47
r 11 2 S 302 5 3 10 31 35
r 12 1 S 365 2 1 44
r 13 1 L 286 3 4 9 17 29 36
r 14 1 S 385 5 5 4 19 32 36 39
r 15 3 S 211 4 1 23
r 16 3 S 253 7 0
r 17 1 L 276 3 14 8 9 10 16 23 30 32 34 35 38 39 40 44 48
r 18 3 S 288 6 1 26
r 19 2 S 332 8 0
r 20 1 S 303 2 0
r 21 1 L 267 2 6 6 9 10 16 19 36
r 22 1 S 395 8 10 3 14 16 17 25 26 31 33 34 42
r 23 3 S 298 3 0
r 24 1 S 244 4 0
r 25 3 S 242 7 0
r 26 2 L 376 5 1 0
r 27 2 S 220 2 1 42
r 28 1 L 384 3 4 23 35 39 46
r 29 3 S 297 7 3 34 39 45
r 30 1 S 370 2 1 8
r 31 3 S 377 8 0
r 32 3 S 297 4 0
r 33 2 S 243 2 3 19 29 35
r 34 3 S 303 9 0
r 35 1 S 331 4 0
r 36 1 S 272 8 1 4
r 37 2 S 337 3 4 16 19 38 42
r 38 2 L 390 2 2 4 45
r 39 2 S 273 2 0
r 40 1 S 252 8 0
r 41 2 L 365 9 6 14 16 25 38 44 48
r 42 2 S 408 7 3 4 32 35
r 43 1 S 350 9 10 6 10 16 19 31 32 44 45 48 49
r 44 2 S 307 7 0
r 45 2 S 276 8 0
r 46 2 S 348 9 0
r 47 3 L 355 3 0
r 48 2 L 246 8 0
r 49 3 S 406 2 5 29 30 38 40 47
a 0 2 S 266 5 31 23 13 1 2 4 5 7 8 9 10 11 13 14 17 18
a 1 2 S 303 8 68 32 0
a 2 2 S 347 3 30 14 1 1
a 3 2 S 378 6 58 39 3 11 17 18
a 4 2 S 208 9 54 39 1 2
a 5 2 L 281 3 20 17 1 4
a 6 2 S 353 2 18 14 8 4 5 7 10 11 12 15 17
a 7 2 S 299 3 25 17 4 1 2 5 17
a 8 2 S 408 3 31 21 6 1 4 5 7 17 18
a 9 3 S 350 4 46 34 2 2 5
a 10 1 S 253 9 25 13 1 1
a 11 2 L 277 7 51 34 10 1 2 4 5 7 9 10 13 14 17
a 12 1 S 268 4 14 6 0
a 13 2 L 315 6 51 23 6 1 2 4 5 10 17
a 14 3 S 208 8 75 51 6 1 2 4 5 10 17
a 15 1 S 239 9 28 12 1 17
a 16 3 L 385 7 96 90 18 0 1 2 3 4 5 7 8 9 10 11 12 13 14 15 17 18 19
a 17 3 S 401 4 54 47 1 10
a 18 2 S 272 2 13 10 10 1 2 4 5 7 9 10 13 14 17
a 19 3 S 246 7 74 39 5 1 4 8 9 17
