ppoi 6 6 2 50 20
b 0 1 0
b 1 2 1
b 3 5 3
b 4 1 1
b 5 0 2
b 6 3 1
s 0 0
s 1 1
s 2 3
s 3 4
s 4 5
s 5 6
c 0 1 150 75 0.85
c 1 3 420 60 0.60
r 0 1 S 184 3 0
r 1 2 S 185 2 0
r 2 1 S 126 4 1 23
r 3 3 S 214 7 5 0 21 26 27 40
r 4 1 S 136 7 5 19 26 27 29 31
r 5 1 L 203 9 0
r 6 2 S 162 8 0
r 7 2 L 187 9 0
r 8 3 S 114 2 0
r 9 1 L 197 2 14 0 1 8 17 19 20 21 23 24 26 27 29 38 40
r 10 2 L 162 3 0
r 11 1 S 130 8 0
r 12 3 L 173 7 15 0 1 8 17 19 20 21 23 24 26 27 29 31 38 40
r 13 3 S 192 4 3 1 19 24
r 14 1 S 141 6 1 24
r 15 2 S 210 9 0
r 16 1 S 124 9 0
r 17 1 S 123 7 0
r 18 1 S 174 6 0
r 19 3 S 116 7 0
r 20 3 S 149 3 0
r 21 3 S 158 5 0
r 22 3 S 156 6 0
r 23 2 S 169 2 2 1 27
r 24 2 S 157 7 7 0 1 17 19 21 26 27
r 25 3 S 214 3 15 3 5 12 14 18 21 22 30 34 37 40 41 46 47 48
r 26 3 L 191 4 0
r 27 1 S 134 7 0
r 28 2 S 128 5 2 0 40
r 29 2 S 149 6 0
r 30 3 S 140 9 3 0 29 40
r 31 3 L 149 7 3 26 27 29
r 32 2 L 191 5 0
r 33 1 S 133 6 2 0 8
r 34 3 S 132 5 9 1 8 11 19 22 26 28 38 41
r 35 1 S 116 7 1 26
r 36 2 S 158 6 1 22
r 37 1 L 162 3 0
r 38 2 L 117 8 0
r 39 1 L 120 2 6 0 4 9 10 27 44
r 40 1 S 203 7 0
r 41 1 L 198 9 0
r 42 3 L 163 2 0
r 43 3 S 182 3 0
r 44 1 S 139 6 5 4 11 17 20 37
r 45 3 L 204 2 0
r 46 1 L 131 8 4 1 20 23 31
r 47 2 S 168 7 1 21
r 48 2 S 155 8 3 19 22 47
r 49 1 L 153 8 0
a 0 1 S 196 9 89 159 15 1 2 3 4 5 6 7 8 11 13 14 15 16 17 19
a 1 2 S 172 5 61 66 3 6 15 17
a 2 1 S 159 7 45 74 3 3 6 15
a 3 2 S 182 7 127 104 0
a 4 1 S 119 5 22 23 6 1 2 3 6 15 17
a 5 2 S 148 4 54 74 6 1 2 3 6 15 17
a 6 3 S 114 9 101 140 1 3
a 7 3 L 117 7 73 62 7 1 4 6 11 13 15 19
a 8 2 L 206 4 66 94 11 1 2 3 4 5 6 11 13 15 17 19
a 9 2 S 154 7 55 78 16 0 1 2 3 4 5 6 7 8 11 13 14 15 16 17 19
a 10 2 S 164 6 61 73 1 0
a 11 1 S 111 9 31 36 5 3 6 13 17 19
a 12 1 S 209 5 29 50 19 0 1 2 3 4 5 6 7 8 9 10 11 13 14 15 16 17 18 19
a 13 3 S 195 8 216 359 1 6
a 14 3 L 112 2 26 35 8 1 2 5 8 11 15 16 17
a 15 3 S 156 2 37 58 0
a 16 3 S 160 3 53 75 11 1 2 3 4 5 8 11 13 15 17 19
a 17 3 S 194 5 146 248 3 3 6 15
a 18 3 S 173 6 138 183 6 2 6 7 13 15 19
a 19 2 S 151 7 70 67 4 2 5 15 17
