ppoi 6 6 2 50 20
b 0 3 0
b 1 6 0
b 3 0 1
b 4 1 0
b 5 0 1
b 6 1 1
s 0 0
s 1 1
s 2 3
s 3 4
s 4 5
s 5 6
c 0 1 150 75 0.85
c 1 3 420 60 0.60
r 0 3 S 253 7 8 2 9 22 24 27 32 43 45
r 1 2 S 364 6 0
r 2 2 S 242 4 4 24 35 42 45
r 3 1 S 261 5 13 0 2 4 19 21 29 30 35 42 43 44 47 48
r 4 2 S 378 4 3 10 22 32
r 5 2 S 307 3 2 22 48
r 6 3 S 356 7 8 4 10 11 20 29 35 44 45
r 7 1 S 220 3 4 24 35 42 45
r 8 2 S 294 8 4 3 9 14 17
r 9 1 S 396 2 1 24
r 10 3 S 369 4 2 24 35
r 11 2 S 288 9 0
r 12 1 L 317 3 4 14 17 26 30
r 13 2 S 359 2 1 46
r 14 3 L 351 7 2 9 10
r 15 1 L 271 4 1 3
r 16 1 L 286 6 2 22 26
r 17 1 L 301 5 1 35
r 18 2 S 393 2 6 10 14 17 21 26 42
r 19 2 S 383 3 1 24
r 20 2 L 255 2 9 2 9 10 17 22 32 42 43 44
r 21 3 S 362 9 2 2 22
r 22 3 S 284 9 0
r 23 2 S 316 9 0
r 24 2 L 211 7 0
r 25 3 S 268 7 4 2 29 43 46
r 26 3 L 340 4 4 24 35 42 45
r 27 2 S 335 9 4 24 35 42 45
r 28 3 S 393 6 2 30 35
r 29 3 S 326 5 0
r 30 2 S 400 4 4 2 10 22 42
r 31 2 S 336 6 2 29 45
r 32 3 L 223 2 0
r 33 1 S 236 5 3 22 27 47
r 34 3 S 387 6 1 27
r 35 1 S 303 7 0
r 36 3 S 318 7 0
r 37 1 L 390 3 0
r 38 1 S 268 4 0
r 39 2 S 397 4 0
r 40 2 S 227 6 2 26 46
r 41 2 S 362 8 0
r 42 1 S 355 5 0
r 43 2 L 363 6 0
r 44 1 S 269 4 0
r 45 1 S 292 8 0
r 46 2 S 367 3 0
r 47 2 S 226 9 0
r 48 1 S 347 5 4 10 17 42 44
r 49 3 L 303 9 0
a 0 1 L 289 9 38 24 1 14
a 1 3 S 254 5 57 38 4 3 8 11 18
a 2 1 S 320 9 43 16 9 1 3 8 9 11 15 16 18 19
a 3 1 S 319 2 8 6 0
a 4 1 L 402 2 12 5 10 1 2 3 8 9 11 15 16 18 19
a 5 2 S 363 8 68 51 5 2 3 9 12 16
a 6 3 S 381 4 48 47 11 1 2 3 4 5 7 11 12 14 16 18
a 7 2 S 342 6 48 35 6 2 4 9 11 18 19
a 8 2 S 227 5 32 22 4 3 11 18 19
a 9 3 L 278 2 20 17 5 3 8 11 18 19
a 10 3 S 268 6 55 35 13 1 2 3 4 7 8 9 12 13 15 16 18 19
a 11 1 S 217 9 24 12 0
a 12 2 S 278 6 43 24 3 9 16 19
a 13 1 S 287 8 25 14 5 1 2 16 17 18
a 14 2 S 236 6 42 26 1 15
a 15 2 S 298 3 20 17 2 8 18
a 16 2 L 334 5 37 23 8 1 3 8 9 11 15 18 19
a 17 1 S 254 5 20 13 11 1 2 3 4 8 9 11 15 16 18 19
a 18 2 S 263 6 48 22 0
a 19 3 S 365 8 102 91 3 3 11 18
