ppoi 6 6 2 50 20
b 0 1 2
b 1 0 0
b 3 2 2
b 4 4 0
b 5 6 1
b 6 1 1
s 0 0
s 1 1
s 2 3
s 3 4
s 4 5
s 5 6
c 0 1 150 75 0.85
c 1 3 420 60 0.60
r 0 2 S 362 8 0
r 1 1 S 312 8 1 29
r 2 3 S 398 7 0
r 3 1 S 354 6 0
r 4 3 S 264 5 6 3 5 11 14 19 32
r 5 2 S 278 9 0
r 6 3 S 278 2 0
r 7 1 S 298 3 0
r 8 1 S 383 6 4 6 10 19 43
r 9 3 S 397 3 0
r 10 1 S 276 9 1 24
r 11 3 S 329 8 0
r 12 1 L 227 3 4 3 7 40 47
r 13 2 S 339 3 2 24 47
r 14 2 S 386 8 0
r 15 2 L 236 9 0
r 16 3 S 387 6 0
r 17 1 S 292 9 0
r 18 3 L 249 8 1 24
r 19 3 S 243 9 0
r 20 3 S 338 5 1 46
r 21 3 S 388 5 4 4 12 17 34
r 22 1 S 269 8 1 23
r 23 2 S 344 2 5 11 26 40 43 47
r 24 3 S 399 4 0
r 25 1 S 378 7 7 7 16 29 36 40 42 47
r 26 2 L 308 6 0
r 27 2 S 356 9 2 3 26
r 28 3 L 302 5 0
r 29 1 L 302 8 21 2 3 4 5 6 7 10 11 12 14 16 19 24 26 32 33 36 40 43 47 48
r 30 1 S 225 7 2 4 8
r 31 1 S 397 3 2 5 19
r 32 3 L 278 5 0
r 33 1 S 379 9 0
r 34 2 S 291 3 6 4 13 17 26 44 48
r 35 3 S 212 3 12 2 4 5 10 17 18 24 27 29 37 45 47
r 36 1 S 407 8 0
r 37 2 S 220 2 1 19
r 38 2 S 330 9 2 27 43
r 39 3 S 378 2 0
r 40 1 L 409 2 0
r 41 2 S 382 3 0
r 42 1 S 387 8 0
r 43 1 S 289 2 2 33 40
r 44 3 L 392 2 3 2 19 32
r 45 2 S 340 4 6 12 32 33 43 47 48
r 46 1 S 346 3 1 16
r 47 3 S 287 4 0
r 48 2 S 387 8 0
r 49 3 L 244 7 2 15 23
a 0 2 S 235 5 33 13 5 1 4 6 14 15
a 1 1 L 273 9 26 24 0
a 2 3 L 352 4 57 37 3 3 10 15
a 3 1 S 300 5 24 14 11 1 4 6 10 11 12 13 14 15 16 19
a 4 1 S 226 2 6 4 9 1 6 10 11 12 14 15 16 19
a 5 2 S 393 4 46 30 0
a 6 2 S 326 8 60 31 6 1 10 11 12 16 19
a 7 1 S 248 2 8 4 2 3 17
a 8 1 S 320 8 28 21 6 3 4 10 11 12 14
a 9 3 S 257 6 70 41 9 0 2 6 7 10 14 15 17 19
a 10 1 L 232 6 18 13 0
a 11 2 S 213 5 30 19 4 1 10 16 19
a 12 2 L 381 4 39 19 4 1 10 16 19
a 13 3 L 335 4 42 29 10 1 4 6 10 11 12 14 15 16 19
a 14 2 S 393 8 91 58 1 11
a 15 1 S 276 4 16 11 1 11
a 16 3 S 251 2 16 12 0
a 17 3 S 410 2 34 23 13 1 3 4 6 8 10 11 12 13 14 15 16 19
a 18 3 S 210 7 51 25 1 3
a 19 2 S 356 8 78 39 1 1
