ppoi 6 6 2 200 100
b 0 17 1
b 1 2 0
b 3 6 1
b 4 2 4
b 5 7 0
b 6 1 5
s 0 0
s 1 1
s 2 3
s 3 4
s 4 5
s 5 6
c 0 1 150 75 0.85
c 1 3 420 60 0.60
r 0 2 S 70 9 12 14 34 39 42 47 79 80 83 92 93 107 142
r 1 2 S 100 9 12 28 56 71 74 78 93 95 104 171 184 186 193
r 2 1 S 78 3 4 132 138 178 183
r 3 2 S 91 8 3 48 104 193
r 4 1 L 56 7 1 146
r 5 3 S 68 8 9 15 43 44 46 82 88 94 127 169
r 6 2 L 90 5 0
r 7 2 S 58 7 2 95 115
r 8 3 S 84 2 8 56 58 83 91 100 104 110 157
r 9 2 L 94 8 1 47
r 10 3 L 90 3 0
r 11 3 S 67 9 0
r 12 1 L 62 2 0
r 13 1 S 65 4 0
r 14 3 S 85 9 0
r 15 1 S 53 6 1 155
r 16 3 S 65 5 10 1 18 31 36 48 73 139 142 170 186
r 17 2 S 92 3 3 104 157 194
r 18 3 S 103 8 3 36 110 139
r 19 3 S 94 7 3 75 115 151
r 20 3 S 65 8 2 157 184
r 21 3 L 97 9 5 80 86 127 128 170
r 22 2 L 66 7 7 7 31 36 95 136 146 166
r 23 3 S 63 9 0
r 24 2 S 69 4 2 45 134
r 25 2 S 93 6 1 131
r 26 2 L 59 6 4 66 88 186 193
r 27 1 S 80 6 0
r 28 2 S 97 5 0
r 29 3 L 97 8 1 170
r 30 3 L 74 3 5 88 113 136 162 172
r 31 3 S 94 6 5 46 88 93 95 139
r 32 2 S 65 9 4 3 31 88 186
r 33 2 L 62 2 0
r 34 2 S 85 8 2 78 183
r 35 1 S 63 9 2 47 65
r 36 3 S 66 4 0
r 37 1 S 101 7 2 110 132
r 38 3 S 80 9 8 8 66 70 74 78 92 135 162
r 39 3 S 87 2 7 23 58 104 115 128 146 186
r 40 2 S 98 2 5 58 95 138 177 179
r 41 1 S 70 7 0
r 42 1 S 59 5 5 14 142 145 158 182
r 43 2 S 58 2 1 32
r 44 2 S 83 8 1 100
r 45 2 L 66 5 1 93
r 46 1 S 80 6 0
r 47 2 L 84 5 0
r 48 3 S 56 7 0
r 49 1 S 66 6 3 110 156 174
r 50 3 S 81 8 16 15 26 39 53 56 64 74 82 88 135 146 161 167 171 173 181
r 51 3 L 73 5 4 74 83 95 142
r 52 1 L 78 3 1 95
r 53 3 S 75 9 2 46 140
r 54 3 L 102 5 0
r 55 2 S 91 5 3 12 40 140
r 56 3 S 64 2 0
r 57 3 S 86 4 1 96
r 58 1 L 75 8 0
r 59 3 S 83 4 2 3 14
r 60 1 S 52 5 2 127 189
r 61 1 L 82 4 0
r 62 2 S 72 3 6 2 30 48 58 65 174
r 63 2 S 63 5 0
r 64 2 S 76 5 6 51 89 103 139 141 158
r 65 3 S 58 6 7 4 44 58 74 127 157 184
r 66 2 L 68 2 0
r 67 2 S 75 2 2 62 104
r 68 1 L 78 3 0
r 69 2 S 86 6 4 18 26 171 174
r 70 2 S 55 8 5 6 23 78 110 115
r 71 1 L 57 3 0
r 72 2 S 84 7 3 46 74 134
r 73 1 S 86 2 4 68 91 128 162
r 74 3 S 82 8 0
r 75 2 L 98 5 3 71 115 146
r 76 1 S 61 8 2 99 142
r 77 3 S 59 7 0
r 78 3 L 91 5 0
r 79 2 S 81 6 0
r 80 3 S 94 2 0
r 81 2 S 74 7 1 185
r 82 3 S 78 7 1 2
r 83 3 S 76 2 0
r 84 2 S 80 2 0
r 85 1 S 94 3 3 108 135 141
r 86 1 S 52 5 0
r 87 1 S 70 6 7 23 81 95 129 167 171 196
r 88 2 S 60 7 0
r 89 3 L 84 9 0
r 90 2 S 73 6 5 6 47 95 162 178
r 91 1 S 91 9 0
r 92 1 S 65 3 1 58
r 93 3 L 100 7 0
r 94 3 L 72 8 8 3 4 33 44 58 70 159 166
r 95 2 S 72 3 0
r 96 2 L 84 9 2 68 157
r 97 2 L 97 4 8 28 86 102 110 117 123 145 160
r 98 3 S 67 2 2 92 179
r 99 2 S 65 5 0
r 100 2 S 62 6 0
r 101 3 S 81 8 1 79
r 102 3 S 63 8 9 23 36 46 66 93 100 128 146 171
r 103 3 S 89 7 0
r 104 2 L 69 2 0
r 105 3 S 82 8 8 20 58 66 73 92 101 106 182
r 106 2 S 80 4 3 12 28 156
r 107 2 L 70 4 1 156
r 108 1 S 95 5 7 3 20 74 88 140 184 194
r 109 1 S 61 5 2 94 195
r 110 2 S 76 2 0
r 111 2 S 87 5 4 7 12 26 136
r 112 3 L 53 2 0
r 113 2 S 92 5 9 58 66 74 83 88 95 110 139 177
r 114 2 S 102 7 7 12 28 36 95 123 158 186
r 115 3 L 89 2 0
r 116 1 L 92 3 2 36 172
r 117 2 S 80 3 1 66
r 118 1 S 95 4 0
r 119 1 S 72 4 0
r 120 2 S 84 4 0
r 121 3 L 52 2 1 73
r 122 1 S 53 9 2 95 157
r 123 1 S 91 9 6 11 95 139 140 155 175
r 124 1 S 83 6 2 131 177
r 125 1 L 94 2 0
r 126 3 S 62 9 1 28
r 127 3 S 66 8 3 78 99 157
r 128 3 L 71 4 0
r 129 3 S 84 8 2 68 93
r 130 1 S 74 4 0
r 131 3 S 78 2 0
r 132 2 L 101 9 9 6 28 46 48 104 110 162 177 193
r 133 3 S 99 6 0
r 134 1 S 64 3 0
r 135 2 S 60 9 2 139 142
r 136 3 S 98 3 13 23 36 68 74 78 93 95 100 110 162 172 177 183
r 137 1 L 64 9 5 20 28 71 126 143
r 138 3 L 93 5 0
r 139 2 S 81 5 0
r 140 3 L 96 2 8 6 28 58 68 80 83 178 193
r 141 3 S 57 6 0
r 142 2 S 67 2 0
r 143 3 S 68 3 5 6 23 104 110 194
r 144 3 S 89 9 5 34 89 141 158 165
r 145 3 L 77 5 0
r 146 2 L 90 2 0
r 147 2 L 77 9 6 28 36 47 177 183 184
r 148 2 S 65 9 6 31 65 73 156 163 170
r 149 3 S 98 9 2 47 186
r 150 2 L 84 4 0
r 151 3 S 101 4 2 75 103
r 152 3 L 52 4 2 17 73
r 153 3 S 52 9 0
r 154 2 S 60 4 0
r 155 3 S 67 6 5 58 83 104 183 184
r 156 1 S 102 9 2 74 91
r 157 3 S 56 4 0
r 158 3 S 82 3 5 28 47 68 91 93
r 159 2 S 95 7 0
r 160 2 S 74 4 6 4 14 66 76 83 116
r 161 1 S 86 5 5 46 47 90 92 129
r 162 3 S 87 9 0
r 163 1 S 65 9 0
r 164 2 S 82 6 0
r 165 1 S 63 9 1 65
r 166 2 S 78 8 1 142
r 167 1 S 67 5 3 28 56 100
r 168 1 S 72 6 2 20 44
r 169 3 L 55 4 7 16 70 145 159 171 174 183
r 170 3 S 76 5 3 68 177 193
r 171 1 L 52 4 0
r 172 1 S 103 6 0
r 173 3 S 59 9 8 51 54 75 106 157 167 171 175
r 174 2 L 74 2 0
r 175 2 S 67 3 0
r 176 1 S 80 2 5 15 113 131 136 167
r 177 3 L 62 8 0
r 178 1 S 63 9 0
r 179 2 S 91 7 3 139 142 193
r 180 1 S 91 2 0
r 181 3 S 93 8 4 123 129 175 196
r 182 3 L 66 2 2 46 78
r 183 1 S 99 7 0
r 184 2 L 76 3 0
r 185 1 L 82 6 3 88 110 142
r 186 2 L 77 5 0
r 187 2 S 96 5 12 16 36 53 72 74 76 89 129 137 156 164 186
r 188 3 L 59 9 2 94 177
r 189 1 S 78 6 2 3 88
r 190 2 S 68 2 12 36 48 52 90 100 128 138 142 147 160 164 175
r 191 1 S 54 2 1 104
r 192 3 S 79 5 0
r 193 2 S 70 2 0
r 194 3 S 58 5 0
r 195 2 S 87 7 10 9 10 13 16 90 95 128 141 146 159
r 196 3 S 54 2 3 28 117 178
r 197 1 S 59 8 6 9 12 26 37 127 149
r 198 2 S 88 3 6 14 23 100 170 172 179
r 199 1 S 65 6 2 23 183
a 0 1 S 65 4 5 2 5 15 26 42 82 92
a 1 1 S 77 2 2 1 0
a 2 2 S 81 8 17 7 2 30 70
a 3 3 S 102 4 19 10 18 9 13 18 22 35 49 51 53 59 60 65 79 90 91 92 93 95 99
a 4 3 S 74 4 10 9 2 23 82
a 5 3 S 97 2 8 4 17 13 14 15 31 39 40 46 50 58 70 79 81 82 86 89 94 98
a 6 1 S 62 7 6 4 14 2 4 10 12 17 22 23 35 37 38 51 52 68 79
a 7 2 S 73 9 15 8 1 86
a 8 3 L 86 8 25 14 16 11 13 25 31 32 37 38 43 54 58 64 70 74 79 94 97
a 9 2 S 103 8 21 17 11 11 15 17 23 31 38 41 51 86 91 93
a 10 2 S 100 8 25 14 2 13 31
a 11 2 L 56 3 5 1 5 23 37 70 92 94
a 12 3 S 81 2 8 3 5 17 31 38 41 85
a 13 1 S 64 9 9 4 3 23 30 94
a 14 2 S 95 7 16 7 0
a 15 3 S 58 4 11 5 0
a 16 3 S 77 4 15 8 12 2 4 28 32 45 55 57 66 68 86 94 95
a 17 2 S 97 4 12 7 18 11 13 14 30 37 38 41 42 51 58 66 70 82 85 86 92 93 94
a 18 3 S 55 7 18 12 15 0 9 10 13 23 30 31 43 50 52 71 80 86 93 94
a 19 3 S 93 9 34 19 8 15 31 38 43 58 66 82 94
a 20 3 L 87 7 25 14 2 15 85
a 21 3 S 64 7 16 8 7 0 25 31 64 80 86 98
a 22 1 S 86 8 8 7 32 2 5 10 11 15 17 18 21 25 26 35 40 47 50 52 54 58 60 64 66 70 71 74 75 80 85 86 91 92 94 95 98
a 23 2 S 97 2 5 4 0
a 24 2 S 81 2 5 2 3 26 38 43
a 25 1 L 71 4 4 2 17 2 5 13 17 26 37 39 43 51 52 58 69 71 81 91 95 98
a 26 3 L 62 5 12 7 5 37 38 42 58 66
a 27 1 S 54 7 5 3 11 11 14 15 17 23 31 37 41 50 51 94
a 28 2 L 96 4 12 6 41 6 10 11 13 14 22 24 26 27 29 30 35 36 37 41 43 44 47 48 50 52 54 56 57 58 59 62 65 68 69 71 72 74 79 80 82 92 96 97 98 99
a 29 3 S 97 7 22 21 14 0 2 4 11 13 27 44 64 69 70 71 81 94 95
a 30 3 S 86 5 20 13 0
a 31 1 S 101 4 5 3 0
a 32 3 S 55 8 15 10 3 13 39 63
a 33 1 S 81 8 10 4 1 58
a 34 2 S 91 3 7 5 8 27 33 38 40 46 63 80 94
a 35 1 S 62 9 8 4 9 5 9 13 19 27 42 51 58 79
a 36 3 S 85 4 13 10 1 20
a 37 2 S 66 6 9 8 0
a 38 2 S 74 4 7 4 7 14 23 30 37 70 92 94
a 39 3 S 102 4 19 9 11 2 9 11 13 14 41 42 50 71 95 98
a 40 3 S 102 7 27 13 5 23 30 38 42 43
a 41 3 L 53 7 15 10 2 93 94
a 42 2 S 75 4 8 6 13 11 13 14 23 30 37 38 58 66 70 92 93 94
a 43 2 S 71 7 16 10 22 0 2 9 11 17 23 26 30 31 38 41 51 58 66 70 71 85 91 93 94 95 98
a 44 3 S 93 7 21 17 1 43
a 45 1 S 63 3 3 1 52 4 6 10 11 13 14 15 17 18 23 24 25 29 30 31 32 34 38 39 40 42 43 44 47 49 51 52 54 56 57 59 60 62 64 68 70 71 72 74 78 81 83 86 87 88 89 92 93 94 96 97 99
a 46 1 S 68 2 3 0 2 20 93
a 47 1 S 92 6 7 5 3 5 58 96
a 48 1 S 95 2 3 2 16 2 10 14 17 19 25 26 27 33 34 38 50 52 58 82 86
a 49 2 S 88 9 24 15 15 1 12 14 30 47 48 52 54 56 63 69 75 88 89 99
a 50 1 S 95 7 9 4 16 2 11 13 23 30 38 41 51 66 70 82 85 86 92 93 94
a 51 2 S 69 2 5 2 13 11 13 14 23 30 37 38 58 66 70 92 93 94
a 52 3 L 78 8 29 17 3 27 30 95
a 53 2 S 98 9 23 11 14 15 21 24 39 40 41 50 51 52 58 66 68 85 95
a 54 3 S 55 7 16 11 31 0 5 10 12 15 20 26 27 39 40 41 42 43 46 47 51 52 63 64 66 69 70 74 75 79 81 91 92 93 94 95
a 55 2 S 99 7 19 14 2 4 18
a 56 3 S 73 5 18 9 3 14 74 89
a 57 1 S 54 8 6 3 0
a 58 2 S 74 8 13 7 5 14 23 70 92 94
a 59 1 S 95 7 10 4 2 5 22
a 60 3 S 89 6 22 12 0
a 61 2 S 85 8 16 14 6 13 14 27 41 67 86
a 62 2 S 73 7 15 6 4 10 74 93 98
a 63 1 S 66 6 5 3 6 27 37 41 86 89 94
a 64 2 S 79 6 15 9 5 0 60 79 91 98
a 65 3 S 76 9 29 16 0
a 66 1 S 57 4 3 2 6 14 23 30 37 92 94
a 67 3 S 53 6 13 9 3 14 48 85
a 68 2 S 103 2 6 4 2 12 66
a 69 2 S 85 2 6 3 10 13 17 26 27 51 52 71 79 89 96
a 70 3 L 56 2 5 2 1 37
a 71 1 S 71 2 2 1 1 66
a 72 2 S 95 4 11 7 13 5 23 32 38 39 48 52 57 68 85 89 92 97
a 73 1 S 98 5 6 4 13 9 11 13 18 21 34 38 48 54 62 63 95 96
a 74 3 S 53 3 6 5 9 11 13 40 43 52 70 79 82 95
a 75 1 S 100 7 9 4 26 0 5 10 12 13 15 17 19 27 37 41 42 46 50 51 52 60 66 71 74 79 80 81 82 85 93
a 76 1 L 78 7 7 4 7 39 41 50 53 58 75 97
a 77 2 S 84 6 12 7 5 22 43 59 66 74
a 78 3 S 87 8 23 18 3 0 2 58
a 79 3 S 89 5 15 11 35 0 2 10 11 14 15 17 20 23 26 27 30 31 37 38 39 42 43 50 51 58 66 70 71 80 81 82 85 86 91 92 93 94 95 98
a 80 1 L 97 8 12 8 9 14 26 31 39 41 42 66 70 71
a 81 3 L 93 7 27 21 1 2
a 82 3 S 55 8 16 14 2 86 93
a 83 3 S 56 3 7 4 1 12
a 84 3 S 77 7 17 17 2 3 53
a 85 1 S 83 7 9 4 18 2 11 13 14 23 30 37 38 42 51 58 66 70 86 92 93 94 95
a 86 1 L 61 2 2 1 3 13 23 70
a 87 1 S 96 2 3 1 0
a 88 2 S 96 4 10 5 46 4 5 10 13 15 18 20 22 23 25 26 29 30 31 37 39 40 41 42 47 48 50 52 54 57 60 62 63 65 66 68 69 70 71 74 75 81 82 85 89 90 91 94 95 96 98
a 89 1 S 64 7 5 4 20 0 9 10 11 15 20 23 38 39 40 50 58 66 79 80 81 85 86 94 98
a 90 3 S 78 3 8 4 0
a 91 3 L 69 5 12 11 22 2 11 13 14 23 30 31 37 38 41 42 51 58 66 70 82 85 86 92 93 94 95
a 92 1 S 99 4 6 2 5 14 23 30 37 94
a 93 3 S 81 5 18 13 1 37
a 94 1 S 61 5 4 2 0
a 95 2 S 77 6 14 9 7 14 23 30 37 58 70 92
a 96 1 L 99 8 10 7 8 27 37 40 60 80 81 85 98
a 97 2 S 71 5 8 7 8 6 34 42 44 57 70 82 94
a 98 2 S 72 3 5 3 1 93
a 99 2 S 89 2 6 3 10 12 21 23 26 30 38 40 63 69 91
