ppoi 6 6 2 50 20
b 0 1 0
b 1 2 0
b 3 1 3
b 4 1 0
b 5 2 3
b 6 4 1
s 0 0
s 1 1
s 2 3
s 3 4
s 4 5
s 5 6
c 0 1 150 75 0.85
c 1 3 420 60 0.60
r 0 2 S 275 4 0
r 1 1 S 235 2 0
r 2 2 S 363 9 0
r 3 2 S 343 2 1 0
r 4 2 L 390 2 1 9
r 5 2 L 314 6 15 1 8 10 13 14 18 19 22 24 25 30 32 43 46 49
r 6 1 S 243 8 12 1 2 19 22 24 25 30 31 42 44 48 49
r 7 3 S 208 3 1 15
r 8 1 S 234 4 0
r 9 1 S 335 6 4 6 13 22 26
r 10 1 S 293 2 4 22 25 30 42
r 11 2 S 336 6 3 18 32 45
r 12 3 S 349 7 6 13 24 30 41 44 45
r 13 3 S 355 4 2 31 44
r 14 2 S 269 2 3 1 19 44
r 15 1 S 328 7 0
r 16 1 S 256 8 0
r 17 3 S 279 7 1 24
r 18 2 L 378 6 2 30 42
r 19 1 S 224 9 0
r 20 1 S 252 5 1 14
r 21 1 S 403 5 0
r 22 3 L 336 7 0
r 23 3 S 346 3 1 45
r 24 3 S 357 5 0
r 25 3 S 271 4 0
r 26 1 S 396 7 4 2 22 30 42
r 27 3 S 333 3 2 36 42
r 28 2 S 229 7 0
r 29 1 S 286 3 0
r 30 1 L 289 4 0
r 31 2 L 354 9 0
r 32 2 S 367 6 5 8 14 25 41 43
r 33 1 S 390 3 0
r 34 1 S 332 9 0
r 35 2 L 284 6 0
r 36 2 S 357 3 0
r 37 1 S 267 9 2 26 34
r 38 1 S 249 2 0
r 39 3 S 229 9 11 1 8 10 14 18 26 30 32 33 35 44
r 40 2 S 260 3 1 0
r 41 1 S 330 2 0
r 42 3 L 365 9 0
r 43 2 L 249 5 1 48
r 44 2 S 292 9 0
r 45 2 S 300 7 2 1 43
r 46 1 S 305 6 2 42 49
r 47 2 S 402 2 1 36
r 48 2 S 333 5 0
r 49 2 L 232 7 0
a 0 3 S 276 2 18 12 11 1 3 7 9 11 12 14 15 16 18 19
a 1 1 S 230 8 29 14 2 9 16
a 2 1 L 367 3 17 8 4 9 12 16 18
a 3 3 S 387 5 89 55 2 12 16
a 4 1 S 402 7 41 24 18 0 1 2 3 5 6 7 8 9 11 12 13 14 15 16 17 18 19
a 5 2 S 236 8 55 24 16 0 1 2 3 6 7 8 9 11 12 14 15 16 17 18 19
a 6 2 S 388 9 80 46 11 1 3 7 9 11 12 14 15 16 18 19
a 7 2 S 252 6 34 28 1 9
a 8 3 L 290 2 22 16 4 2 3 7 11
a 9 3 S 333 5 61 54 3 3 12 16
a 10 3 S 212 5 39 19 14 0 3 4 5 6 7 8 9 11 12 14 16 17 19
a 11 1 L 406 3 19 7 3 7 9 19
a 12 1 S 392 8 48 18 0
a 13 3 S 303 2 25 15 5 2 5 7 16 18
a 14 1 S 315 3 13 9 5 3 7 9 12 16
a 15 1 S 285 6 20 18 7 3 7 9 12 14 16 19
a 16 2 S 210 5 31 15 1 12
a 17 3 S 248 4 47 22 14 0 1 2 3 6 7 9 11 12 14 15 16 18 19
a 18 1 S 268 2 8 3 10 1 3 7 9 11 12 14 15 16 19
a 19 3 S 363 4 61 44 2 9 12
