ppoi 6 6 2 200 100
b 0 1 1
b 1 10 1
b 3 7 0
b 4 2 2
b 5 8 1
b 6 5 9
s 0 0
s 1 1
s 2 3
s 3 4
s 4 5
s 5 6
c 0 1 150 75 0.85
c 1 3 420 60 0.60
r 0 2 S 92 8 8 15 64 68 113 139 145 167 182
r 1 3 S 52 7 0
r 2 2 L 90 5 1 4
r 3 2 S 79 3 16 1 2 15 18 52 53 63 99 110 118 121 122 138 160 170 172
r 4 2 L 74 4 0
r 5 1 S 93 3 1 142
r 6 3 L 92 3 0
r 7 1 L 71 3 19 6 21 24 29 35 63 85 99 115 126 138 142 145 149 165 176 191 194 199
r 8 1 S 58 3 0
r 9 2 S 100 9 1 94
r 10 3 S 58 6 0
r 11 3 S 89 9 0
r 12 1 S 71 5 1 142
r 13 2 S 87 3 3 1 144 162
r 14 2 L 73 2 1 142
r 15 1 S 76 8 0
r 16 2 L 71 9 5 15 39 141 158 161
r 17 3 S 68 6 0
r 18 1 S 84 6 0
r 19 1 L 79 4 0
r 20 3 S 103 9 0
r 21 1 S 65 9 1 63
r 22 2 S 76 7 0
r 23 2 S 74 4 0
r 24 1 L 83 5 0
r 25 3 S 68 5 5 17 20 100 112 166
r 26 1 L 94 5 2 17 185
r 27 3 S 58 8 1 25
r 28 2 S 70 6 5 17 53 66 82 94
r 29 3 L 65 4 1 22
r 30 3 S 93 9 6 48 82 87 96 144 173
r 31 2 S 80 9 5 24 78 103 122 126
r 32 2 S 58 4 0
r 33 3 S 71 7 15 4 52 58 63 66 102 115 126 138 147 162 170 176 179 197
r 34 2 S 100 8 0
r 35 3 S 72 2 15 75 82 85 94 97 102 112 122 138 152 162 163 166 179 194
r 36 2 L 53 6 1 78
r 37 2 L 82 9 0
r 38 1 S 100 9 0
r 39 2 L 82 6 9 2 4 9 64 76 83 136 160 167
r 40 2 L 82 7 1 66
r 41 1 S 77 2 0
r 42 3 S 79 7 0
r 43 2 S 101 8 3 82 176 185
r 44 1 S 70 8 6 17 78 112 142 170 191
r 45 3 L 94 6 1 154
r 46 1 S 102 3 8 18 54 68 91 106 165 171 198
r 47 2 S 92 3 2 147 167
r 48 3 S 71 7 4 44 83 142 197
r 49 3 L 102 9 5 33 103 121 147 185
r 50 1 S 78 9 0
r 51 3 S 67 6 3 5 11 20
r 52 1 S 98 7 1 10
r 53 2 L 100 4 0
r 54 3 S 83 5 1 197
r 55 2 S 63 3 0
r 56 2 S 58 9 0
r 57 2 S 63 5 0
r 58 1 S 59 5 0
r 59 2 L 64 8 2 115 142
r 60 1 S 58 2 3 21 90 175
r 61 3 S 67 2 3 5 113 126
r 62 2 L 70 8 1 122
r 63 2 S 73 8 2 96 176
r 64 1 S 89 8 2 17 138
r 65 2 S 100 2 2 121 171
r 66 1 S 84 9 0
r 67 3 S 86 4 5 73 110 144 149 178
r 68 2 S 81 7 5 2 4 85 103 197
r 69 1 L 54 2 2 139 191
r 70 1 S 61 4 0
r 71 1 S 56 2 8 3 39 42 60 69 101 144 150
r 72 2 L 67 3 1 165
r 73 3 S 79 2 0
r 74 2 S 86 8 0
r 75 2 S 74 9 1 137
r 76 3 S 95 3 1 170
r 77 3 S 78 6 1 15
r 78 1 S 68 6 0
r 79 3 S 68 9 10 6 26 90 95 116 135 137 141 154 185
r 80 2 S 84 7 3 6 160 193
r 81 1 S 87 7 10 5 15 17 33 35 139 170 172 176 197
r 82 1 S 73 7 0
r 83 2 S 86 9 4 11 20 96 172
r 84 1 S 65 5 1 104
r 85 1 S 102 3 0
r 86 2 L 61 2 1 78
r 87 3 S 95 6 5 28 96 129 138 147
r 88 1 S 93 2 9 34 53 70 106 117 120 169 170 178
r 89 2 L 68 5 7 106 123 126 127 133 148 183
r 90 2 L 89 2 4 1 2 28 122
r 91 2 S 55 2 0
r 92 1 S 82 3 3 41 134 138
r 93 3 S 91 4 2 154 198
r 94 1 L 93 6 0
r 95 2 L 81 5 0
r 96 1 S 100 7 0
r 97 1 S 88 5 0
r 98 3 S 74 7 0
r 99 1 S 92 9 0
r 100 3 S 101 3 2 53 129
r 101 2 S 75 5 0
r 102 2 L 69 6 6 1 4 6 78 122 149
r 103 2 S 79 5 0
r 104 1 S 75 4 5 37 53 78 96 150
r 105 1 S 96 3 6 4 44 69 82 94 162
r 106 2 L 61 5 0
r 107 1 S 63 3 2 7 66
r 108 2 S 56 2 6 22 118 145 152 163 191
r 109 1 S 72 2 1 194
r 110 1 S 94 5 2 53 149
r 111 1 S 98 4 7 3 10 36 66 147 176 183
r 112 3 S 68 9 0
r 113 1 S 60 5 4 58 137 175 185
r 114 2 S 62 9 0
r 115 1 S 70 5 2 6 37
r 116 3 S 96 8 3 31 149 191
r 117 1 S 77 2 11 28 52 75 99 115 128 133 138 152 175 179
r 118 1 S 65 5 0
r 119 1 S 64 2 1 146
r 120 1 S 89 9 1 24
r 121 3 L 68 7 8 6 18 37 66 82 96 122 149
r 122 1 S 83 4 0
r 123 1 L 56 4 0
r 124 2 L 102 7 3 48 69 113
r 125 1 S 64 7 0
r 126 3 L 101 9 0
r 127 2 S 65 8 11 29 78 83 98 110 116 120 142 149 161 164
r 128 1 S 99 7 2 4 175
r 129 2 S 72 4 0
r 130 1 S 88 5 0
r 131 2 S 54 4 0
r 132 2 S 102 8 1 112
r 133 3 L 99 5 4 22 149 152 179
r 134 3 S 102 3 12 15 31 44 69 96 103 121 128 136 161 165 194
r 135 1 S 77 4 13 28 41 51 72 76 86 108 110 138 171 177 188 199
r 136 1 S 66 2 4 10 53 100 118
r 137 1 S 67 7 0
r 138 1 S 93 7 5 4 6 32 37 162
r 139 3 S 76 2 7 15 23 37 66 122 129 179
r 140 3 L 78 9 9 1 23 102 110 118 120 121 129 175
r 141 2 S 63 7 3 3 121 123
r 142 2 L 102 6 0
r 143 3 S 74 3 1 1
r 144 3 L 91 4 0
r 145 2 S 72 9 2 53 66
r 146 1 S 101 3 0
r 147 2 L 74 5 6 58 99 137 142 162 172
r 148 2 S 88 4 0
r 149 3 S 98 2 0
r 150 3 S 68 8 3 120 139 162
r 151 2 S 95 9 2 22 145
r 152 1 S 75 9 2 1 103
r 153 1 L 71 9 1 155
r 154 3 S 70 6 1 191
r 155 2 S 68 4 0
r 156 3 S 53 7 5 1 64 75 94 191
r 157 3 L 97 6 2 161 175
r 158 2 L 66 5 0
r 159 2 S 72 5 8 6 18 25 70 129 130 147 198
r 160 1 L 74 2 1 41
r 161 2 S 74 3 0
r 162 2 S 79 9 0
r 163 2 S 77 7 0
r 164 2 S 63 8 5 5 20 41 82 96
r 165 3 S 74 4 2 82 137
r 166 3 S 84 7 3 6 82 149
r 167 2 S 74 5 2 31 32
r 168 3 S 98 9 2 108 150
r 169 2 L 84 6 2 17 76
r 170 3 S 61 7 2 4 17
r 171 2 S 67 3 2 28 37
r 172 2 L 79 2 0
r 173 3 S 95 3 1 100
r 174 1 S 75 6 0
r 175 3 L 54 8 0
r 176 2 S 77 7 0
r 177 2 S 80 8 0
r 178 3 S 54 2 4 6 75 95 121
r 179 2 L 62 2 0
r 180 1 S 61 4 1 54
r 181 1 S 102 3 2 106 161
r 182 3 S 60 3 3 123 162 172
r 183 2 S 75 4 2 23 170
r 184 3 S 102 4 0
r 185 3 L 60 4 3 6 37 78
r 186 2 L 54 8 5 109 115 120 150 157
r 187 3 S 67 8 1 53
r 188 3 L 59 6 4 2 112 120 138
r 189 2 L 75 6 1 0
r 190 3 S 95 7 2 102 172
r 191 2 S 80 3 1 4
r 192 2 S 53 4 12 10 28 29 58 86 116 149 150 161 166 170 195
r 193 3 L 53 2 1 167
r 194 1 L 91 3 3 66 176 179
r 195 1 L 102 9 0
r 196 2 L 57 3 7 7 20 41 86 110 161 178
r 197 3 S 95 8 2 78 179
r 198 3 S 88 6 1 112
r 199 1 L 90 3 2 103 138
a 0 1 S 71 5 5 2 0
a 1 2 L 74 6 10 8 4 15 30 41 82
a 2 3 S 100 9 42 15 0
a 3 2 L 63 6 9 6 7 21 35 39 47 58 89 93
a 4 1 L 53 9 7 3 7 15 17 19 40 54 66 95
a 5 1 S 85 7 7 3 0
a 6 1 L 53 5 3 2 4 30 43 65 88
a 7 1 S 100 3 4 1 3 54 68 70
a 8 3 S 52 4 7 6 2 88 99
a 9 2 L 61 4 6 3 24 0 5 10 14 16 17 23 27 33 35 37 38 51 53 56 60 62 64 68 75 76 91 93 99
a 10 3 S 65 9 22 14 11 16 21 29 33 37 39 51 68 77 92 93
a 11 2 S 60 3 6 2 2 73 77
a 12 2 S 66 8 14 6 15 5 17 23 29 43 59 62 66 67 73 76 77 94 98 99
a 13 2 L 67 9 14 10 4 27 39 67 85
a 14 2 S 70 3 5 4 0
a 15 3 S 60 4 12 7 0
a 16 1 S 96 3 4 2 6 5 14 33 35 65 66
a 17 2 S 84 6 11 6 0
a 18 3 S 58 7 14 8 9 12 35 40 51 54 57 62 64 87
a 19 1 L 62 4 4 2 16 10 23 27 33 39 48 51 54 62 68 69 73 76 77 91 99
a 20 1 S 77 5 6 3 14 5 15 19 29 61 63 68 69 91 92 94 96 98 99
a 21 1 S 75 5 6 2 29 5 8 14 16 23 29 33 35 37 38 39 47 51 59 64 65 66 70 73 75 76 77 85 88 91 93 94 96 99
a 22 1 S 103 6 9 4 2 33 91
a 23 2 L 52 6 9 5 4 29 38 76 99
a 24 3 L 83 6 20 15 17 0 5 8 10 17 27 28 31 32 35 36 37 58 74 75 76 93
a 25 3 L 80 4 13 6 15 5 12 16 19 27 29 39 41 51 59 64 70 76 96 98
a 26 2 S 91 4 10 8 6 3 10 15 59 62 99
a 27 1 S 60 8 7 5 35 0 8 14 16 21 33 35 37 38 39 47 51 53 54 56 59 60 62 64 65 68 69 70 73 75 76 77 83 85 88 91 92 94 96 98
a 28 2 L 98 6 17 10 23 0 12 14 15 20 22 25 39 55 58 59 61 65 68 69 73 74 81 84 85 88 89 99
a 29 2 S 78 7 13 9 0
a 30 1 L 54 8 7 4 15 0 5 10 15 33 35 39 41 47 48 56 65 67 83 91
a 31 2 S 84 7 19 7 1 14
a 32 3 S 77 9 27 14 5 27 34 73 88 98
a 33 3 L 97 3 10 5 0
a 34 1 S 74 9 10 5 1 15
a 35 2 L 88 4 10 6 0
a 36 1 L 63 8 7 5 7 0 12 27 39 59 71 91
a 37 1 S 88 2 3 1 0
a 38 1 S 58 3 3 1 8 14 29 33 35 64 65 66 91
a 39 1 S 66 3 3 2 17 5 14 16 29 33 35 38 47 59 64 65 66 70 76 88 91 99
a 40 1 S 78 6 7 4 6 39 58 60 61 68 73
a 41 3 S 90 7 21 19 11 10 14 33 38 56 60 67 70 73 85 88
a 42 2 S 81 7 13 11 11 12 19 29 51 54 55 59 73 74 81 90
a 43 3 S 92 7 25 11 8 5 21 60 76 91 92 93 94
a 44 3 S 60 7 19 7 8 7 11 20 23 30 60 89 99
a 45 1 L 58 9 8 3 33 1 2 4 9 13 14 16 25 26 28 29 36 37 39 43 49 55 57 59 67 68 69 72 76 78 80 84 88 90 91 92 93 98
a 46 2 S 79 4 8 5 6 20 47 76 82 88 92
a 47 3 S 75 8 28 19 9 5 14 29 33 35 64 65 66 91
a 48 3 S 81 7 23 14 7 23 29 59 70 73 92 96
a 49 3 S 87 2 8 3 6 22 39 72 74 76 89
a 50 2 L 67 3 5 3 1 9
a 51 1 S 93 3 4 2 6 29 33 38 75 76 99
a 52 2 S 83 6 15 11 5 2 14 32 34 82
a 53 3 S 77 3 10 6 7 60 62 66 70 85 88 98
a 54 3 L 72 2 7 3 14 0 5 29 33 35 38 53 56 59 60 66 70 85 96
a 55 2 S 66 7 12 6 4 9 34 40 59
a 56 2 S 104 5 11 6 18 14 16 21 23 29 37 39 47 59 60 62 65 66 75 77 85 88 96
a 57 3 S 73 5 14 6 20 0 8 14 38 39 47 56 60 64 66 70 73 76 77 83 85 88 91 98 99
a 58 3 L 85 7 19 14 13 5 14 17 37 39 47 48 57 66 69 77 93 98
a 59 2 S 87 6 15 7 5 5 29 38 47 66
a 60 2 S 99 2 6 3 9 5 8 47 59 65 76 91 96 99
a 61 3 S 71 8 27 15 19 0 8 14 16 27 47 53 56 57 58 59 65 75 85 91 92 93 94 96
a 62 3 S 77 5 14 7 4 38 73 75 94
a 63 2 S 85 5 11 9 11 5 8 9 11 17 21 64 66 68 87 99
a 64 2 S 59 4 6 3 0
a 65 2 L 99 3 9 4 0
a 66 1 S 61 2 2 1 0
a 67 3 S 74 2 7 4 23 8 11 14 16 21 29 33 35 37 51 54 56 59 62 65 73 75 76 77 93 94 96 99
a 68 1 S 53 4 3 1 9 16 23 39 56 59 69 70 75 93
a 69 2 S 65 6 11 4 28 0 5 8 14 21 23 29 37 38 47 51 56 60 64 65 66 70 73 75 76 77 85 88 91 93 94 98 99
a 70 3 S 102 6 20 19 6 5 29 33 64 65 91
a 71 1 S 86 2 3 1 9 7 16 21 23 84 87 94 96 97
a 72 2 S 63 8 16 9 8 27 62 67 76 77 92 97 99
a 73 3 S 95 8 32 22 14 5 14 23 35 37 38 39 47 59 64 65 66 70 76
a 74 1 S 76 3 4 1 0
a 75 1 S 93 5 5 4 5 14 16 33 38 76
a 76 1 S 85 6 7 4 14 5 14 16 29 33 35 38 47 64 65 66 70 88 91
a 77 3 L 103 8 31 19 13 14 23 33 37 39 47 64 65 66 70 75 91 93
a 78 2 L 97 7 19 8 12 0 14 27 41 47 51 59 68 75 91 96 97
a 79 2 S 90 3 8 3 0
a 80 2 S 68 3 6 3 2 25 74
a 81 3 S 71 6 18 7 31 5 10 11 17 23 25 27 29 33 38 39 43 53 54 57 59 60 63 65 66 69 72 74 76 77 78 83 84 88 91 92
a 82 1 L 92 3 4 2 0
a 83 3 S 69 8 25 17 0
a 84 1 S 61 5 5 1 2 6 94
a 85 1 S 61 7 7 4 17 5 14 16 29 33 35 38 47 59 64 65 66 70 76 88 91 99
a 86 3 L 79 6 19 15 17 5 9 10 14 17 27 30 37 43 47 62 65 67 68 75 77 98
a 87 1 S 59 7 7 4 2 5 37
a 88 3 S 86 6 24 17 9 5 14 29 33 35 64 65 66 91
a 89 1 S 76 5 5 2 0
a 90 1 L 84 4 5 2 2 53 85
a 91 1 S 79 9 9 7 0
a 92 3 S 98 2 7 6 5 35 39 51 70 93
a 93 1 S 95 8 11 8 0
a 94 2 L 79 2 4 3 13 16 29 33 37 38 39 47 65 66 70 75 85 99
a 95 3 S 52 5 11 8 5 5 40 43 53 98
a 96 1 S 98 8 10 5 12 5 37 39 51 65 70 73 76 85 91 94 99
a 97 1 S 73 7 6 5 0
a 98 3 S 87 2 6 3 6 5 35 59 66 75 93
a 99 2 L 71 2 5 1 5 5 16 65 66 88
