ppoi 6 6 2 200 100
b 0 13 2
b 1 1 1
b 3 5 5
b 4 4 3
b 5 7 3
b 6 1 1
s 0 0
s 1 1
s 2 3
s 3 4
s 4 5
s 5 6
c 0 1 150 75 0.85
c 1 3 420 60 0.60
r 0 1 S 31 5 5 22 86 91 98 137
r 1 2 S 51 6 5 21 52 63 126 149
r 2 2 S 41 4 0
r 3 3 L 44 4 0
r 4 1 S 42 6 2 33 157
r 5 2 S 43 9 2 139 172
r 6 3 S 27 8 20 2 10 18 29 32 44 67 75 95 98 99 107 109 132 157 160 162 191 194 197
r 7 1 S 31 7 11 38 61 75 77 105 109 124 139 146 155 161
r 8 3 S 42 9 0
r 9 1 S 33 3 14 7 14 22 38 61 94 96 110 113 145 154 162 170 179
r 10 2 S 38 9 0
r 11 2 S 41 9 0
r 12 1 S 52 8 4 75 82 109 195
r 13 1 S 45 2 0
r 14 1 S 28 9 2 126 158
r 15 2 S 48 4 1 111
r 16 3 L 47 9 7 27 60 62 75 149 162 179
r 17 1 S 37 5 5 29 30 61 142 161
r 18 1 L 32 5 0
r 19 3 S 46 3 0
r 20 3 S 30 2 1 147
r 21 2 S 46 6 5 32 67 82 91 107
r 22 3 S 45 6 1 39
r 23 2 S 48 7 6 76 90 91 158 164 197
r 24 2 S 35 4 7 2 12 50 75 128 163 178
r 25 2 S 28 7 5 30 37 142 162 197
r 26 3 L 50 4 9 18 29 46 75 131 155 157 191 199
r 27 3 S 29 8 0
r 28 2 S 42 6 3 22 76 198
r 29 2 S 32 2 0
r 30 1 S 28 7 0
r 31 3 L 34 5 2 3 164
r 32 1 S 31 4 0
r 33 3 S 35 4 7 44 76 82 99 132 157 164
r 34 3 L 35 3 0
r 35 2 S 35 5 7 2 6 18 30 56 155 184
r 36 2 L 49 8 0
r 37 3 S 40 7 1 92
r 38 2 S 31 4 1 172
r 39 2 S 36 4 0
r 40 2 S 45 8 0
r 41 2 S 29 9 0
r 42 1 S 34 5 2 77 146
r 43 2 S 41 2 4 64 100 137 144
r 44 2 S 46 5 0
r 45 1 L 27 6 0
r 46 1 S 51 6 0
r 47 1 L 43 9 3 45 185 191
r 48 1 L 35 3 1 39
r 49 2 L 29 5 0
r 50 2 S 28 6 0
r 51 2 S 46 3 0
r 52 1 S 40 7 7 7 21 33 97 164 183 184
r 53 2 S 51 8 4 67 71 105 124
r 54 3 S 47 4 3 19 39 131
r 55 3 S 51 9 5 44 69 84 90 179
r 56 2 S 45 4 2 140 162
r 57 2 L 44 2 0
r 58 3 S 48 7 1 148
r 59 2 S 50 6 11 12 27 46 54 80 113 116 121 163 176 198
r 60 1 L 35 3 0
r 61 3 S 36 5 1 197
r 62 2 S 45 2 7 19 46 158 160 172 194 199
r 63 1 S 33 4 0
r 64 2 L 42 9 0
r 65 2 S 29 7 7 11 21 82 87 128 151 186
r 66 3 S 53 7 3 3 91 158
r 67 1 S 41 5 0
r 68 3 S 31 3 5 23 67 71 86 142
r 69 1 S 47 7 4 39 99 126 160
r 70 3 S 28 9 5 12 29 67 84 197
r 71 2 S 29 2 0
r 72 1 S 36 3 0
r 73 1 S 38 7 4 109 120 126 142
r 74 3 S 28 5 2 11 109
r 75 1 S 52 8 0
r 76 2 L 47 6 0
r 77 1 S 48 7 2 109 157
r 78 2 S 31 2 0
r 79 3 S 48 5 4 11 53 99 148
r 80 2 S 42 4 12 19 33 41 53 62 71 93 97 126 158 160 198
r 81 3 S 51 5 10 5 6 41 68 80 120 127 151 168 193
r 82 1 S 38 9 0
r 83 2 S 48 5 0
r 84 3 S 45 4 4 98 117 131 139
r 85 3 S 50 6 1 112
r 86 1 S 43 9 2 10 164
r 87 3 S 38 3 0
r 88 1 S 52 8 4 18 73 113 188
r 89 2 S 32 9 8 6 82 113 147 148 162 164 168
r 90 2 L 45 6 0
r 91 3 L 52 9 0
r 92 3 S 33 7 2 71 195
r 93 3 S 48 8 3 10 131 141
r 94 1 S 34 6 11 2 67 99 132 155 158 160 162 172 194 195
r 95 2 L 41 3 0
r 96 2 S 35 8 2 102 194
r 97 3 S 46 6 2 172 197
r 98 3 S 52 2 0
r 99 1 S 44 8 0
r 100 1 S 50 3 0
r 101 2 S 44 2 2 22 172
r 102 2 S 33 4 1 54
r 103 1 L 46 8 5 107 140 162 191 195
r 104 3 S 36 2 2 99 140
r 105 2 S 28 3 2 162 191
r 106 3 S 44 3 0
r 107 1 L 45 6 0
r 108 1 L 37 7 1 99
r 109 3 S 54 9 0
r 110 1 S 34 3 4 29 104 141 162
r 111 2 S 47 9 0
r 112 2 L 48 9 3 44 69 188
r 113 1 L 50 9 6 74 112 120 176 195 197
r 114 2 S 41 6 0
r 115 2 L 39 3 0
r 116 3 S 29 5 0
r 117 1 S 37 4 0
r 118 2 L 37 7 0
r 119 1 S 42 4 0
r 120 2 S 45 2 9 32 44 76 132 139 140 160 162 175
r 121 2 S 51 9 0
r 122 3 S 46 6 3 68 160 162
r 123 1 S 31 3 0
r 124 3 S 39 7 0
r 125 2 S 49 6 2 60 154
r 126 2 S 39 5 0
r 127 2 L 31 4 3 61 62 157
r 128 1 S 33 4 9 7 30 67 84 109 117 144 149 199
r 129 3 S 32 4 0
r 130 1 S 34 5 1 137
r 131 2 S 41 4 0
r 132 1 L 44 4 0
r 133 3 S 48 4 0
r 134 1 S 43 8 1 107
r 135 1 L 47 2 0
r 136 3 L 39 8 1 30
r 137 1 S 49 5 9 10 19 67 126 139 146 159 162 197
r 138 1 L 50 3 3 50 90 181
r 139 1 S 46 7 0
r 140 2 S 48 3 0
r 141 1 S 41 4 0
r 142 1 S 33 3 1 75
r 143 3 L 36 7 0
r 144 3 S 43 8 0
r 145 1 L 39 7 3 45 97 108
r 146 1 L 44 6 0
r 147 3 S 35 5 0
r 148 1 S 28 8 1 69
r 149 3 S 34 9 0
r 150 2 S 52 8 0
r 151 3 S 40 7 1 159
r 152 2 S 31 9 17 3 38 77 84 90 95 111 117 126 131 139 141 161 184 194 195 199
r 153 1 S 41 8 1 99
r 154 1 L 43 9 0
r 155 1 S 46 6 0
r 156 3 L 35 6 0
r 157 3 L 53 7 0
r 158 1 S 50 8 0
r 159 3 S 30 3 0
r 160 1 S 54 5 0
r 161 2 L 42 4 10 18 30 76 95 109 126 139 175 197 199
r 162 2 S 50 9 0
r 163 1 L 48 5 1 183
r 164 2 S 45 8 0
r 165 2 S 35 3 6 82 100 107 112 180 181
r 166 1 S 35 3 16 27 30 66 68 77 104 110 120 139 144 152 160 171 178 179 195
r 167 1 S 54 3 1 165
r 168 3 S 44 4 3 0 32 117
r 169 1 S 45 8 4 46 140 144 161
r 170 2 L 40 5 6 3 71 76 86 139 164
r 171 2 S 46 7 5 33 62 104 180 188
r 172 2 S 49 5 0
r 173 2 L 48 7 7 62 109 112 156 159 174 180
r 174 2 S 43 5 0
r 175 3 S 53 3 0
r 176 1 L 28 9 1 107
r 177 3 S 35 9 3 38 63 151
r 178 2 S 37 8 4 39 107 117 150
r 179 2 S 28 8 1 75
r 180 2 L 52 5 6 76 98 99 131 139 194
r 181 3 S 29 5 4 29 75 155 194
r 182 3 L 53 7 2 32 84
r 183 3 L 50 8 5 22 33 111 146 159
r 184 3 S 37 5 3 29 131 194
r 185 2 L 37 3 0
r 186 1 S 39 9 1 76
r 187 1 S 29 2 10 68 82 96 142 147 149 154 162 183 198
r 188 1 S 40 4 1 91
r 189 1 S 51 3 1 193
r 190 1 L 33 8 2 66 178
r 191 1 L 38 4 0
r 192 1 S 33 9 1 33
r 193 2 S 40 9 5 60 75 84 109 154
r 194 2 S 32 7 0
r 195 1 S 41 2 0
r 196 1 S 48 8 1 111
r 197 1 S 45 4 0
r 198 2 S 51 4 2 19 132
r 199 3 S 38 3 0
a 0 2 S 54 7 30 28 3 11 34 93
a 1 1 S 51 2 4 4 5 12 15 42 63 69
a 2 2 L 34 6 21 19 1 91
a 3 2 L 39 6 23 35 0
a 4 3 S 40 9 54 69 10 6 9 12 22 36 45 49 60 72 78
a 5 2 S 51 4 15 12 30 1 2 12 14 16 19 23 26 29 31 32 34 36 37 38 39 41 42 44 51 52 62 65 67 70 72 84 85 91 98
a 6 2 S 40 3 12 15 13 3 9 15 21 22 29 34 41 49 76 83 93 97
a 7 3 S 33 5 19 21 2 41 45
a 8 3 S 29 7 27 48 2 6 92
a 9 2 S 30 8 14 23 4 3 22 29 41
a 10 1 S 32 8 8 9 10 1 2 4 19 34 36 45 67 75 94
a 11 3 S 31 4 13 18 13 6 9 15 21 22 41 49 60 76 83 91 93 97
a 12 1 S 50 9 16 26 2 21 82
a 13 2 S 39 7 26 45 0
a 14 3 L 38 6 26 29 23 3 6 9 11 15 21 22 26 29 34 36 41 49 59 60 76 78 82 83 87 91 93 97
a 15 1 S 36 6 11 15 4 3 22 29 41
a 16 2 L 37 2 5 8 15 3 9 12 14 22 26 34 41 42 59 76 83 85 87 93
a 17 1 L 34 6 8 9 2 26 97
a 18 2 S 40 4 15 15 10 11 30 42 53 58 66 69 85 87 97
a 19 3 S 54 9 63 74 1 60
a 20 2 L 32 9 16 12 18 2 4 10 18 19 31 33 43 56 57 70 71 75 81 82 92 93 99
a 21 3 L 45 3 18 14 1 34
a 22 1 S 38 2 4 5 2 3 29
a 23 2 S 30 9 24 42 9 7 21 22 26 30 35 55 71 95
a 24 1 S 31 8 12 17 4 1 22 74 79
a 25 3 S 45 5 27 40 8 11 21 26 34 36 42 67 82
a 26 1 S 28 3 3 5 0
a 27 2 S 36 5 11 14 4 25 62 82 95
a 28 3 S 46 4 28 23 11 2 16 25 27 31 36 52 58 73 75 83
a 29 3 S 37 6 32 46 0
a 30 3 S 49 6 24 31 9 6 11 14 29 33 34 60 72 78
a 31 2 S 36 5 16 26 0
a 32 2 L 41 7 18 21 19 1 12 21 26 27 33 34 35 37 44 45 60 67 69 72 74 79 83 87
a 33 3 L 53 6 42 58 3 76 82 93
a 34 2 S 32 8 24 32 4 3 22 29 41
a 35 3 L 49 4 22 28 17 3 9 16 21 26 29 33 41 49 58 59 62 63 72 78 87 92
a 36 2 S 54 3 12 12 8 6 34 41 49 76 91 93 97
a 37 1 S 39 3 6 5 20 9 13 16 22 26 33 39 55 58 61 63 65 69 82 83 87 89 90 91 94
a 38 2 S 50 5 22 26 8 11 53 67 73 74 83 84 94
a 39 3 S 49 9 66 57 2 3 6
a 40 2 S 40 7 15 12 2 30 56
a 41 1 S 54 2 4 6 2 3 29
a 42 1 S 53 4 11 19 1 82
a 43 1 S 33 4 5 6 3 7 17 29
a 44 2 L 47 2 7 7 16 3 7 11 12 16 25 27 31 45 49 52 63 76 80 84 89
a 45 3 S 34 2 11 18 15 3 6 9 21 22 26 34 36 41 49 78 83 91 93 97
a 46 2 S 36 5 17 19 1 31
a 47 2 S 30 7 17 28 11 1 9 21 25 26 27 29 30 49 82 92
a 48 3 S 52 7 50 58 0
a 49 1 S 50 9 16 25 9 3 9 15 22 29 34 41 83 97
a 50 1 S 34 5 5 5 18 2 4 7 16 21 33 34 37 45 47 53 60 70 75 76 80 85 95
a 51 1 S 54 3 7 6 1 91
a 52 3 S 49 7 45 69 3 39 49 92
a 53 1 S 45 5 8 11 1 14
a 54 1 L 36 3 6 9 29 1 2 4 17 24 25 26 28 33 34 35 36 39 42 48 49 57 60 62 66 70 75 80 84 85 86 92 95 98
a 55 1 S 36 2 3 4 3 9 29 85
a 56 2 S 28 7 10 11 11 1 7 13 33 34 51 53 60 72 85 88
a 57 3 L 37 3 10 10 1 66
a 58 2 S 37 2 5 7 5 14 33 45 95 97
a 59 3 S 30 6 22 39 13 3 6 11 15 22 29 36 41 49 60 76 82 83
a 60 3 L 31 7 27 34 12 3 9 15 21 22 29 34 49 76 83 93 97
a 61 3 L 41 3 11 9 13 3 6 11 12 14 15 21 26 29 60 72 76 78
a 62 2 S 42 8 28 33 0
a 63 3 S 41 9 33 54 23 3 4 12 13 15 21 22 26 30 34 39 41 45 58 60 67 78 83 85 87 91 93 94
a 64 3 S 53 5 39 55 5 37 72 73 80 86
a 65 1 S 45 6 11 17 7 15 35 58 60 74 91 95
a 66 3 S 39 3 17 15 11 6 9 29 39 41 45 67 76 82 91 94
a 67 3 L 51 4 19 25 5 21 41 82 83 97
a 68 3 L 52 2 15 13 4 1 26 39 75
a 69 1 S 34 7 10 10 3 59 94 97
a 70 3 S 46 9 56 51 3 16 37 41
a 71 1 S 30 9 12 10 16 4 9 13 16 26 29 34 35 44 49 51 52 55 58 74 76
a 72 3 S 51 7 53 63 14 3 6 9 11 15 21 26 29 41 49 60 76 93 97
a 73 1 S 53 9 20 18 3 3 30 55
a 74 3 S 46 9 62 61 9 14 22 34 41 59 72 76 91 92
a 75 3 S 31 9 39 67 5 1 9 41 73 74
a 76 3 S 37 9 31 33 9 3 9 15 22 29 34 41 83 97
a 77 3 L 50 2 15 26 2 49 92
a 78 3 S 54 6 48 49 11 3 6 9 15 21 29 60 76 91 93 97
a 79 3 S 34 8 21 32 2 65 82
a 80 2 S 34 3 10 14 2 66 90
a 81 1 S 50 4 8 8 2 27 32
a 82 1 L 51 3 8 12 2 60 78
a 83 2 S 34 5 10 15 5 3 9 22 29 41
a 84 1 L 37 6 12 10 0
a 85 1 S 31 9 11 19 2 11 97
a 86 3 S 34 5 24 32 3 32 35 41
a 87 1 S 52 5 12 17 11 3 9 15 21 22 29 41 49 60 78 93
a 88 1 S 42 3 6 5 0
a 89 1 L 35 7 9 10 17 6 9 12 13 14 15 22 33 36 41 45 49 59 72 76 91 93
a 90 1 S 52 4 8 8 3 12 36 74
a 91 3 S 37 6 26 38 4 9 22 83 93
a 92 2 L 31 9 19 22 31 3 4 9 13 15 21 22 25 30 33 34 36 39 41 42 45 49 60 63 67 72 76 78 82 83 87 89 93 94 95 97
a 93 1 S 44 6 13 10 7 3 9 22 29 41 83 97
a 94 1 L 33 6 7 7 1 67
a 95 1 S 48 7 10 14 23 3 6 9 11 15 21 22 26 29 34 36 41 49 59 60 76 78 82 83 87 91 93 97
a 96 1 S 52 6 12 21 14 21 24 32 37 48 55 60 63 65 67 75 76 88 97
a 97 2 S 43 7 20 18 4 3 22 29 41
a 98 2 S 53 3 15 24 9 7 14 35 36 53 58 60 62 95
a 99 3 S 48 5 22 24 2 11 72
