ppoi 6 6 2 50 20
b 0 0 1
b 1 3 0
b 3 2 1
b 4 2 1
b 5 4 2
b 6 1 1
s 0 0
s 1 1
s 2 3
s 3 4
s 4 5
s 5 6
c 0 1 150 75 0.85
c 1 3 420 60 0.60
r 0 1 S 134 6 1 36
r 1 1 S 120 8 1 35
r 2 1 S 154 9 3 8 15 48
r 3 2 L 159 2 2 5 29
r 4 3 S 204 6 0
r 5 1 S 176 9 0
r 6 1 L 110 4 0
r 7 1 S 185 7 2 5 36
r 8 1 L 172 4 0
r 9 1 S 195 9 5 7 18 22 44 45
r 10 1 L 217 7 3 4 36 48
r 11 2 S 214 2 0
r 12 3 S 158 6 1 18
r 13 3 L 212 3 12 6 8 10 18 19 22 35 36 43 44 45 48
r 14 1 L 186 7 10 11 13 15 17 21 23 27 30 35 49
r 15 2 L 202 3 1 22
r 16 2 S 195 8 0
r 17 2 L 204 9 0
r 18 1 S 207 2 0
r 19 3 L 210 5 6 4 11 18 35 36 48
r 20 1 S 146 2 8 5 12 17 23 33 41 43 48
r 21 2 S 170 4 2 0 18
r 22 3 S 145 5 0
r 23 3 S 183 4 3 8 41 45
r 24 2 S 205 7 0
r 25 1 S 213 7 0
r 26 2 L 126 9 0
r 27 3 S 200 7 0
r 28 2 S 110 5 0
r 29 2 S 167 5 0
r 30 3 S 173 4 4 6 11 22 24
r 31 3 S 175 2 0
r 32 3 S 141 5 3 4 37 47
r 33 2 L 197 8 7 5 17 18 35 36 45 48
r 34 3 L 142 5 2 26 49
r 35 1 S 144 6 0
r 36 1 S 173 5 0
r 37 3 S 184 3 0
r 38 3 L 124 3 4 8 15 35 37
r 39 2 S 212 3 1 19
r 40 3 S 189 7 0
r 41 2 S 199 2 6 4 17 22 27 35 36
r 42 3 S 168 2 2 21 44
r 43 1 S 216 3 1 48
r 44 1 L 148 2 6 4 11 24 27 45 48
r 45 3 S 183 8 0
r 46 2 L 142 4 1 4
r 47 1 S 143 9 0
r 48 2 S 131 2 0
r 49 3 S 190 2 1 29
a 0 3 S 117 5 51 71 5 1 5 11 12 15
a 1 3 S 168 7 124 154 1 15
a 2 2 S 145 7 83 73 1 11
a 3 3 S 169 3 49 69 15 0 1 2 5 8 9 10 11 12 13 15 16 17 18 19
a 4 3 L 145 7 141 238 16 0 1 2 3 5 8 9 10 11 12 13 15 16 17 18 19
a 5 2 L 217 2 39 69 1 15
a 6 1 S 138 2 14 12 17 0 1 2 3 4 5 8 9 10 11 12 13 15 16 17 18 19
a 7 2 S 201 3 37 36 0
a 8 1 S 154 6 46 49 0
a 9 1 S 157 8 62 54 10 0 1 2 5 10 11 12 15 17 18
a 10 3 S 217 6 106 154 3 1 11 12
a 11 2 S 157 7 70 57 1 15
a 12 3 L 161 5 63 81 4 1 5 11 15
a 13 1 L 137 7 40 43 13 0 1 2 5 8 9 10 11 12 15 17 18 19
a 14 3 S 173 7 156 243 5 8 9 12 18 19
a 15 2 L 110 5 41 70 0
a 16 3 S 183 9 167 153 6 0 2 13 17 18 19
a 17 1 S 146 5 26 24 5 1 2 5 10 18
a 18 1 S 117 9 51 66 6 0 1 5 11 12 15
a 19 1 S 126 6 24 29 1 9
