ppoi 6 6 2 200 100
b 0 6 9
b 1 2 0
b 3 2 2
b 4 4 1
b 5 1 0
b 6 13 1
s 0 0
s 1 1
s 2 3
s 3 4
s 4 5
s 5 6
c 0 1 150 75 0.85
c 1 3 420 60 0.60
r 0 1 S 84 9 8 76 89 94 95 127 137 138 196
r 1 3 S 96 8 1 98
r 2 1 S 91 7 0
r 3 2 S 83 9 7 50 74 89 103 159 169 171
r 4 2 L 96 4 2 33 151
r 5 2 S 100 7 0
r 6 2 S 71 3 2 61 130
r 7 2 L 54 9 0
r 8 2 L 81 9 1 145
r 9 2 S 97 6 1 156
r 10 2 S 78 6 5 22 70 76 86 158
r 11 1 S 96 6 0
r 12 3 S 69 2 5 18 91 141 160 182
r 13 1 S 101 2 0
r 14 2 S 86 6 1 15
r 15 3 L 52 2 0
r 16 1 S 94 8 14 22 24 51 53 59 62 64 66 81 98 145 148 149 156
r 17 3 S 98 5 1 75
r 18 2 S 67 3 1 76
r 19 3 S 68 2 0
r 20 1 S 76 3 1 77
r 21 3 S 63 4 0
r 22 2 S 90 7 5 53 83 157 166 172
r 23 2 S 60 7 3 2 112 118
r 24 1 L 67 9 0
r 25 3 L 56 5 1 117
r 26 3 S 74 7 2 50 192
r 27 2 S 63 3 6 53 56 72 83 118 137
r 28 1 S 57 5 5 49 72 110 182 199
r 29 1 S 70 3 2 11 190
r 30 1 S 96 4 1 81
r 31 1 L 73 7 3 8 135 163
r 32 2 S 91 7 0
r 33 1 S 61 2 1 182
r 34 3 L 85 2 3 5 104 123
r 35 2 L 90 2 0
r 36 2 S 98 7 2 18 151
r 37 1 S 90 8 2 5 199
r 38 2 L 80 5 0
r 39 3 S 84 5 0
r 40 1 S 83 6 4 34 53 160 191
r 41 3 S 84 2 0
r 42 3 L 80 9 2 34 118
r 43 3 L 98 6 1 33
r 44 1 S 87 2 1 165
r 45 2 S 65 3 4 11 15 81 171
r 46 2 S 91 6 0
r 47 2 S 68 5 0
r 48 1 L 94 5 0
r 49 1 L 52 6 0
r 50 1 S 79 5 1 110
r 51 1 L 96 6 2 86 182
r 52 3 S 62 2 2 26 148
r 53 2 S 69 2 0
r 54 1 S 68 5 0
r 55 3 S 71 2 3 24 56 71
r 56 1 S 65 5 0
r 57 2 L 86 7 3 27 49 94
r 58 3 S 90 9 1 135
r 59 1 L 66 4 1 182
r 60 3 S 93 3 6 50 51 91 135 136 196
r 61 3 S 62 5 2 70 91
r 62 1 S 79 9 0
r 63 1 S 63 5 0
r 64 3 L 57 9 0
r 65 3 S 80 6 1 192
r 66 2 S 74 3 3 49 74 123
r 67 2 L 58 8 2 123 192
r 68 2 S 84 2 0
r 69 2 L 70 2 1 62
r 70 1 S 62 7 1 135
r 71 3 S 56 5 0
r 72 2 S 82 5 0
r 73 3 L 77 5 2 127 157
r 74 1 S 77 2 0
r 75 3 S 81 6 1 94
r 76 2 S 54 3 6 83 86 135 143 157 199
r 77 1 S 77 3 7 2 7 38 68 93 166 182
r 78 1 S 92 4 5 22 61 101 107 144
r 79 1 S 84 6 0
r 80 3 S 54 4 1 33
r 81 2 L 76 9 0
r 82 1 S 66 4 1 34
r 83 3 L 63 4 0
r 84 1 S 59 8 0
r 85 2 S 67 5 0
r 86 3 L 91 9 0
r 87 2 L 91 3 0
r 88 3 S 56 3 2 46 143
r 89 2 S 66 9 0
r 90 1 S 82 5 1 51
r 91 2 S 82 2 2 93 190
r 92 3 S 88 9 6 37 65 80 146 192 199
r 93 3 S 101 4 0
r 94 1 S 71 5 0
r 95 2 L 90 5 21 11 35 53 56 71 81 93 94 104 118 127 135 136 137 143 149 157 172 182 190 199
r 96 3 L 57 2 1 77
r 97 1 S 79 6 2 67 123
r 98 3 S 54 5 1 137
r 99 3 S 88 9 0
r 100 1 S 61 9 7 34 54 62 105 141 161 170
r 101 2 S 76 3 1 90
r 102 2 L 79 6 4 11 55 72 172
r 103 3 S 75 2 2 110 137
r 104 3 S 55 3 0
r 105 1 S 85 2 3 128 192 196
r 106 2 L 86 6 2 55 63
r 107 2 S 65 3 5 54 87 126 180 193
r 108 3 S 63 9 0
r 109 3 S 81 5 1 99
r 110 2 S 102 2 0
r 111 3 S 55 2 1 87
r 112 1 S 73 2 0
r 113 2 S 70 3 1 56
r 114 1 L 79 6 2 120 136
r 115 2 S 83 6 0
r 116 3 S 61 7 14 33 46 62 66 73 88 95 120 126 128 138 163 183 192
r 117 2 S 86 7 3 103 192 199
r 118 2 L 89 8 0
r 119 1 L 95 4 3 67 103 158
r 120 3 L 71 5 1 104
r 121 3 S 68 5 2 61 99
r 122 2 S 52 7 1 120
r 123 2 S 71 4 0
r 124 3 L 53 2 4 94 118 155 159
r 125 3 S 56 6 8 63 65 71 96 123 158 191 197
r 126 2 L 89 8 2 54 81
r 127 2 L 60 8 0
r 128 2 L 73 6 1 11
r 129 1 L 103 2 5 40 66 126 157 158
r 130 1 L 98 4 3 2 87 168
r 131 1 S 57 3 3 23 111 186
r 132 1 S 73 9 3 23 89 135
r 133 2 S 90 6 3 67 70 73
r 134 2 S 95 4 4 11 23 27 186
r 135 2 S 102 2 0
r 136 3 S 102 6 0
r 137 3 S 94 8 0
r 138 3 S 57 3 5 24 38 99 136 190
r 139 1 S 64 3 12 11 61 75 99 117 145 151 153 158 160 167 193
r 140 2 S 55 2 4 37 93 135 167
r 141 3 L 88 3 0
r 142 3 S 101 8 1 87
r 143 2 S 64 6 0
r 144 2 S 79 4 0
r 145 3 S 83 7 6 15 55 95 143 151 197
r 146 2 S 70 2 4 56 99 136 199
r 147 3 S 65 7 2 27 83
r 148 3 S 75 3 5 72 126 135 138 192
r 149 2 S 72 6 0
r 150 3 S 74 9 3 58 74 193
r 151 2 S 97 6 2 2 99
r 152 2 S 87 7 0
r 153 2 S 59 5 0
r 154 3 L 68 8 0
r 155 3 S 65 6 4 94 157 160 197
r 156 3 L 80 5 0
r 157 3 S 90 9 0
r 158 1 S 91 2 0
r 159 1 S 93 4 0
r 160 2 L 94 2 0
r 161 2 S 59 6 1 151
r 162 2 S 96 6 2 55 76
r 163 2 L 81 9 13 7 15 34 35 38 53 74 77 123 143 149 180 190
r 164 1 L 103 7 1 102
r 165 3 L 90 4 4 62 71 86 171
r 166 1 S 82 3 0
r 167 2 S 63 9 0
r 168 2 S 89 6 7 2 38 83 127 136 171 199
r 169 2 S 70 3 12 68 86 87 99 104 136 137 156 166 171 172 190
r 170 2 S 82 5 2 70 73
r 171 1 S 88 7 0
r 172 3 S 78 5 0
r 173 3 L 65 9 2 94 171
r 174 1 S 89 2 2 13 62
r 175 3 S 68 5 3 55 68 138
r 176 1 S 84 6 3 137 168 169
r 177 1 L 102 9 1 148
r 178 1 L 89 2 0
r 179 2 S 85 3 1 149
r 180 2 S 73 8 1 104
r 181 2 S 103 5 1 160
r 182 2 S 90 7 0
r 183 1 S 101 5 0
r 184 1 S 76 7 4 18 39 64 124
r 185 3 S 65 5 1 10
r 186 2 S 54 3 12 7 9 18 67 77 87 88 111 126 168 179 191
r 187 2 L 64 5 7 2 7 24 54 99 123 156
r 188 3 L 80 2 7 3 7 33 72 116 124 189
r 189 2 S 91 4 0
r 190 2 L 79 7 0
r 191 3 S 97 3 1 182
r 192 2 S 66 8 0
r 193 3 L 79 7 6 5 83 127 182 190 199
r 194 1 S 67 9 3 63 71 90
r 195 2 S 100 9 2 45 179
r 196 2 S 73 6 2 127 136
r 197 2 S 54 5 0
r 198 3 S 65 2 2 91 151
r 199 1 S 103 8 0
a 0 2 S 55 3 5 2 5 17 36 85 88 98
a 1 2 S 62 8 14 8 0
a 2 1 S 89 5 6 3 13 0 11 16 21 31 42 48 56 66 83 85 88 98
a 3 3 S 97 8 34 13 2 15 19
a 4 3 S 83 2 6 4 1 98
a 5 1 S 60 4 4 1 5 43 48 51 88 98
a 6 2 S 103 7 18 15 31 1 2 7 12 15 17 19 20 23 25 27 33 34 38 42 52 55 59 63 68 71 72 73 80 82 83 84 87 91 94 96
a 7 1 S 94 9 11 5 13 2 20 31 34 52 54 59 61 67 81 83 88 90
a 8 2 L 92 2 5 3 10 0 5 16 21 36 42 57 61 65 71
a 9 2 S 76 8 14 8 3 17 21 66
a 10 1 L 96 7 10 4 2 20 23
a 11 2 S 76 9 16 14 1 82
a 12 3 S 101 2 7 4 3 3 27 47
a 13 2 S 93 7 20 9 0
a 14 2 S 86 9 17 15 6 0 18 32 39 48 88
a 15 3 S 65 8 23 15 8 0 5 48 60 71 81 85 90
a 16 1 S 102 2 4 2 13 9 20 21 32 36 38 41 50 52 56 71 81 98
a 17 2 L 62 8 11 8 8 21 27 48 50 52 71 83 98
a 18 3 S 91 7 29 18 12 9 20 21 34 38 43 50 51 66 67 76 88
a 19 2 L 85 2 4 3 10 5 11 15 16 23 34 41 52 56 85
a 20 2 S 78 3 8 2 8 21 27 43 50 51 81 82 99
a 21 3 L 91 6 19 17 0
a 22 2 S 83 4 10 6 15 0 11 18 38 42 43 45 47 48 56 67 82 85 90 99
a 23 3 S 52 8 15 8 2 11 89
a 24 1 S 101 8 9 6 9 8 15 22 42 48 52 57 80 83
a 25 1 S 68 9 8 3 0
a 26 3 S 63 6 15 6 4 5 31 38 82
a 27 2 S 59 2 3 1 1 98
a 28 2 L 53 4 6 3 16 5 11 12 13 20 22 25 41 42 49 51 61 67 88 91 95
a 29 1 S 52 2 2 0 7 5 8 16 17 56 89 95
a 30 3 S 89 7 27 12 0
a 31 2 S 84 8 16 13 26 0 5 9 11 15 16 18 21 32 34 38 41 43 45 47 50 51 60 66 67 71 81 82 83 98 99
a 32 3 S 98 3 12 8 2 21 98
a 33 3 S 79 3 8 6 1 30
a 34 1 S 73 3 3 1 0
a 35 1 S 74 9 10 5 34 1 3 5 9 11 17 20 22 25 27 31 32 37 41 42 47 51 54 59 61 66 68 69 71 76 80 81 83 88 89 90 92 93 96
a 36 1 S 82 8 9 5 4 32 48 51 98
a 37 3 S 63 2 5 3 5 5 15 27 47 51
a 38 3 L 88 3 11 5 3 51 52 71
a 39 3 S 97 8 26 14 12 1 8 9 20 21 27 37 42 45 50 72 80
a 40 3 S 82 4 14 10 11 5 17 22 31 51 57 62 73 84 86 92
a 41 3 L 70 8 18 12 20 0 5 17 21 27 34 36 38 42 43 45 50 52 67 71 76 81 83 88 99
a 42 2 S 85 9 24 8 1 67
a 43 2 L 77 3 7 4 19 9 17 21 27 32 36 38 48 50 51 52 66 67 71 76 83 85 88 98
a 44 3 S 66 9 27 15 6 9 20 36 50 70 82
a 45 3 S 79 8 30 13 26 0 5 9 17 21 27 32 34 36 42 43 48 50 51 52 56 66 67 71 76 81 82 83 85 88 98
a 46 2 S 56 9 15 9 25 0 5 20 21 22 27 31 32 36 38 41 43 45 47 50 52 66 71 76 81 82 85 89 90 98
a 47 1 L 85 8 11 5 1 85
a 48 1 L 84 8 9 5 2 21 98
a 49 1 L 79 7 9 3 10 9 22 23 30 35 50 52 65 71 91
a 50 1 S 78 2 2 1 0
a 51 1 S 95 5 5 3 11 21 27 32 48 50 52 66 71 83 85 98
a 52 2 L 98 4 12 8 3 48 66 71
a 53 1 L 77 3 3 2 0
a 54 2 S 68 3 6 4 32 0 3 11 12 16 17 18 21 22 23 27 31 32 34 36 37 43 46 47 48 50 51 56 60 61 66 67 73 83 85 86 90
a 55 2 S 104 3 9 3 10 0 9 16 17 27 42 52 66 81 98
a 56 3 S 87 7 24 15 9 0 38 48 50 52 66 81 82 88
a 57 1 S 64 5 4 3 2 56 60
a 58 2 S 95 8 20 16 4 5 17 61 99
a 59 3 S 72 4 10 8 1 67
a 60 2 L 73 9 16 14 10 5 21 32 50 51 56 66 85 89 99
a 61 1 S 85 7 7 5 8 11 15 34 51 56 76 89 98
a 62 1 S 79 8 8 3 17 2 5 11 12 18 34 38 39 41 66 72 75 80 82 87 95 96
a 63 3 S 87 7 24 14 1 18
a 64 1 S 53 3 3 1 7 0 2 29 54 68 83 89
a 65 3 S 100 5 20 16 4 2 21 76 90
a 66 3 S 54 2 4 1 5 21 27 32 48 98
a 67 2 S 79 6 15 6 11 21 27 32 48 50 52 66 71 83 85 98
a 68 3 L 86 7 23 11 43 0 1 2 3 5 9 11 15 16 17 18 19 21 27 31 32 34 36 41 42 43 47 50 51 55 57 60 66 67 71 73 75 76 80 81 83 85 86 88 89 90 93 98
a 69 3 S 58 7 18 10 21 2 3 11 16 18 20 21 34 42 43 46 47 59 65 66 67 68 85 86 92 96
a 70 1 S 64 9 7 3 0
a 71 2 L 84 9 23 16 5 21 27 32 48 98
a 72 1 L 65 8 7 5 10 2 5 16 19 23 27 30 56 83 98
a 73 3 S 93 3 10 4 19 2 3 5 9 11 15 20 23 32 34 36 52 55 61 81 82 83 89 90
a 74 3 S 62 6 14 9 26 7 12 19 20 21 27 37 41 43 48 50 52 54 57 60 61 65 66 71 73 80 81 85 86 91 98
a 75 3 S 101 7 33 12 0
a 76 3 S 91 5 18 11 0
a 77 1 S 58 4 4 2 7 0 3 10 59 62 81 93
a 78 1 S 93 8 9 5 10 0 7 31 34 35 37 41 45 61 86
a 79 1 S 52 6 5 3 4 48 57 71 99
a 80 1 S 63 6 5 4 10 3 5 11 18 60 75 83 86 98 99
a 81 1 S 94 2 2 1 9 21 27 32 36 66 76 83 85 88
a 82 2 S 80 6 12 10 14 9 21 27 32 36 50 51 52 66 71 76 83 88 98
a 83 3 L 95 5 19 14 1 21
a 84 1 S 87 9 9 7 30 1 3 5 7 9 12 16 19 21 22 23 25 27 30 35 51 56 57 59 65 67 71 83 85 89 91 93 95 96 99
a 85 2 S 68 6 9 5 0
a 86 3 L 89 4 12 11 2 19 90
a 87 3 S 71 2 6 3 1 83
a 88 2 S 58 6 8 5 12 17 21 27 36 48 51 52 66 67 71 76 83
a 89 2 L 82 2 5 3 1 45
a 90 2 S 92 3 8 3 8 27 50 51 66 82 83 88 89
a 91 3 S 84 4 12 6 30 0 3 5 9 11 12 15 16 17 20 23 27 31 32 36 37 41 47 51 54 56 57 61 66 67 71 73 89 90 99
a 92 3 S 80 8 28 15 13 2 9 20 22 45 47 51 54 55 56 59 67 75
a 93 2 S 52 5 8 3 8 11 23 27 43 45 51 86 99
a 94 2 S 93 6 17 8 15 0 9 12 29 30 32 39 41 42 43 47 55 85 90 99
a 95 1 S 60 6 6 2 1 56
a 96 1 S 101 6 8 6 0
a 97 3 L 84 3 11 4 21 7 8 17 24 25 27 36 37 41 54 55 57 61 70 71 72 75 76 87 90 99
a 98 1 L 83 8 10 5 0
a 99 1 L 71 6 7 4 27 0 5 9 17 21 27 32 34 36 38 42 43 48 50 51 52 56 66 67 71 76 81 82 83 85 88 98
