ppoi 6 6 2 200 100
b 0 4 2
b 1 7 1
b 3 3 1
b 4 20 0
b 5 1 5
b 6 6 5
s 0 0
s 1 1
s 2 3
s 3 4
s 4 5
s 5 6
c 0 1 150 75 0.85
c 1 3 420 60 0.60
r 0 1 S 38 2 9 6 16 17 27 60 95 142 163 190
r 1 2 S 42 9 0
r 2 2 S 38 4 1 32
r 3 2 S 53 8 0
r 4 3 S 31 6 3 149 156 167
r 5 1 S 35 4 0
r 6 2 S 47 2 0
r 7 1 S 52 3 0
r 8 2 L 37 5 6 27 29 157 164 165 179
r 9 2 S 47 8 6 34 36 86 164 180 199
r 10 2 S 54 3 3 42 140 196
r 11 1 S 45 3 0
r 12 2 S 29 9 4 72 76 99 114
r 13 3 S 54 2 3 27 75 90
r 14 1 L 40 3 3 135 139 190
r 15 1 S 34 7 1 191
r 16 2 L 46 7 17 24 30 64 68 86 87 91 93 104 131 133 149 151 155 156 175 184
r 17 1 L 31 9 2 143 167
r 18 2 S 32 8 0
r 19 1 S 37 2 2 2 87
r 20 2 S 51 5 0
r 21 1 S 28 6 3 25 101 140
r 22 2 S 52 3 1 149
r 23 1 S 42 4 1 20
r 24 2 S 54 5 0
r 25 2 L 35 6 3 35 131 133
r 26 3 S 54 2 4 48 66 82 130
r 27 3 S 39 6 14 35 64 91 93 95 99 116 133 135 151 155 180 190 198
r 28 2 S 37 5 0
r 29 2 S 48 8 2 48 95
r 30 3 L 37 9 0
r 31 1 L 39 5 0
r 32 1 S 41 4 0
r 33 2 S 47 8 3 62 99 107
r 34 2 S 50 8 0
r 35 2 S 40 9 0
r 36 2 L 29 5 10 22 50 93 118 133 141 151 165 187 196
r 37 1 S 54 8 9 71 91 97 110 130 142 154 167 188
r 38 2 S 30 7 3 20 146 153
r 39 3 S 53 6 3 34 35 197
r 40 1 S 38 9 1 91
r 41 1 L 31 4 1 62
r 42 3 S 27 6 3 2 184 199
r 43 2 S 50 2 0
r 44 1 L 40 6 3 93 95 101
r 45 2 S 39 6 0
r 46 2 L 52 8 2 0 170
r 47 3 S 29 3 2 68 133
r 48 3 S 52 4 0
r 49 2 L 51 2 0
r 50 3 L 52 5 2 29 77
r 51 3 L 53 4 0
r 52 3 L 41 9 2 24 68
r 53 3 S 31 4 3 52 143 171
r 54 1 L 41 8 0
r 55 2 L 29 8 0
r 56 3 S 28 7 6 31 52 85 114 172 197
r 57 2 L 37 3 5 68 154 167 179 184
r 58 1 S 49 8 5 11 35 41 131 165
r 59 3 S 53 6 4 20 74 124 131
r 60 2 S 34 3 1 133
r 61 3 S 33 8 8 36 38 101 118 163 165 182 193
r 62 3 S 37 9 0
r 63 1 S 39 8 2 139 162
r 64 1 S 38 4 0
r 65 2 S 33 9 2 17 70
r 66 2 S 44 5 0
r 67 1 S 47 5 6 5 27 91 124 132 148
r 68 3 L 51 9 9 11 49 84 98 130 133 162 187 190
r 69 3 S 53 4 0
r 70 3 L 47 7 0
r 71 3 L 54 9 0
r 72 2 L 37 5 9 20 22 25 30 64 118 169 176 195
r 73 3 S 33 2 0
r 74 3 S 34 9 2 48 151
r 75 2 S 28 8 4 35 82 107 177
r 76 1 S 54 3 10 30 32 81 90 93 100 116 156 160 175
r 77 1 S 54 7 0
r 78 2 S 54 2 0
r 79 3 L 30 2 0
r 80 1 S 35 4 5 94 115 130 142 175
r 81 3 L 46 4 1 130
r 82 1 S 51 7 1 115
r 83 1 S 28 7 0
r 84 2 S 53 2 0
r 85 2 S 50 8 0
r 86 2 S 29 3 7 35 43 48 135 146 162 180
r 87 1 S 37 8 3 91 135 190
r 88 1 S 35 2 0
r 89 2 S 35 8 0
r 90 3 S 46 7 0
r 91 1 S 52 7 0
r 92 3 S 47 7 0
r 93 3 S 46 6 0
r 94 2 S 36 7 0
r 95 2 S 36 9 0
r 96 1 S 52 2 4 30 43 101 131
r 97 1 L 46 7 8 6 20 81 82 87 96 160 171
r 98 2 S 48 4 0
r 99 1 L 51 5 0
r 100 2 S 50 5 3 48 98 116
r 101 3 S 35 8 0
r 102 1 S 44 9 1 155
r 103 2 L 44 9 0
r 104 1 S 40 5 7 11 30 93 99 146 160 188
r 105 3 L 51 4 1 147
r 106 2 S 34 6 4 59 87 110 151
r 107 1 S 37 6 5 77 84 90 116 197
r 108 2 L 42 3 3 28 78 159
r 109 1 S 39 4 2 110 146
r 110 2 S 40 3 0
r 111 1 S 34 8 6 87 107 139 159 194 195
r 112 1 L 29 7 2 151 165
r 113 3 S 40 5 0
r 114 3 S 48 8 2 115 149
r 115 3 S 36 8 0
r 116 1 S 38 9 0
r 117 1 S 33 5 0
r 118 1 L 48 6 0
r 119 2 S 33 7 5 63 73 103 112 199
r 120 3 S 41 8 0
r 121 1 L 36 9 3 96 123 156
r 122 3 S 28 9 6 6 83 103 158 163 194
r 123 3 S 32 5 1 64
r 124 3 S 50 2 2 20 198
r 125 3 S 53 4 3 47 58 140
r 126 1 L 38 6 10 6 24 25 90 104 116 123 148 171 197
r 127 2 S 34 2 1 83
r 128 3 L 27 6 0
r 129 2 S 39 6 16 30 31 32 50 63 69 74 84 87 96 100 148 153 160 163 199
r 130 3 S 51 9 0
r 131 3 L 43 4 0
r 132 2 S 37 4 1 146
r 133 1 S 31 6 0
r 134 2 S 38 4 0
r 135 3 L 54 8 0
r 136 2 S 35 8 0
r 137 2 S 30 5 8 6 41 69 94 98 128 132 175
r 138 3 S 38 3 1 96
r 139 1 L 45 6 3 6 30 64
r 140 3 L 42 2 5 27 28 41 69 116
r 141 1 S 47 4 0
r 142 2 S 31 2 5 49 146 160 180 198
r 143 3 S 32 5 5 30 35 48 62 93
r 144 3 S 28 4 5 81 98 99 124 187
r 145 1 L 36 8 6 16 41 51 177 190 197
r 146 3 S 34 9 0
r 147 3 S 41 2 6 30 41 82 93 160 162
r 148 1 S 47 8 3 84 99 198
r 149 3 S 44 4 0
r 150 1 S 28 5 0
r 151 2 S 37 4 0
r 152 1 L 35 9 5 48 60 75 177 196
r 153 2 S 36 3 1 68
r 154 3 S 38 3 1 35
r 155 3 S 48 2 0
r 156 3 S 41 4 1 84
r 157 3 L 39 9 1 82
r 158 2 S 32 5 2 30 98
r 159 3 L 44 3 12 30 35 40 41 64 71 116 154 155 167 177 187
r 160 3 S 42 6 0
r 161 2 L 43 9 3 80 140 152
r 162 3 S 30 5 0
r 163 2 L 47 5 4 6 87 135 188
r 164 3 L 53 7 0
r 165 1 S 40 8 5 20 99 131 188 193
r 166 3 L 38 9 0
r 167 3 S 46 7 1 84
r 168 1 S 46 3 2 42 154
r 169 3 S 51 7 10 6 31 49 64 91 116 128 131 180 197
r 170 1 L 51 4 0
r 171 3 S 38 4 0
r 172 1 S 46 2 2 100 124
r 173 2 S 28 4 1 6
r 174 1 S 44 7 9 22 45 53 56 128 130 142 158 191
r 175 2 L 34 6 5 20 49 95 101 146
r 176 3 S 39 8 2 86 135
r 177 2 L 45 3 1 133
r 178 3 L 32 4 1 154
r 179 2 S 27 2 4 25 28 82 195
r 180 3 S 37 2 0
r 181 1 S 53 3 2 32 179
r 182 2 S 38 3 0
r 183 2 L 41 6 0
r 184 3 S 52 2 1 180
r 185 2 S 46 4 1 96
r 186 1 S 50 4 2 25 66
r 187 2 S 47 7 0
r 188 1 S 41 2 0
r 189 1 S 33 8 1 98
r 190 2 S 44 5 0
r 191 2 S 28 5 0
r 192 2 L 38 4 1 93
r 193 1 S 30 3 0
r 194 2 S 29 4 1 104
r 195 2 S 42 5 0
r 196 1 S 36 7 0
r 197 2 S 32 8 0
r 198 3 S 44 2 0
r 199 2 L 49 9 0
a 0 3 S 45 3 21 22 4 14 54 62 88
a 1 1 S 40 8 14 13 0
a 2 2 S 41 8 31 34 34 0 3 8 9 10 13 14 16 17 19 22 25 26 27 42 49 51 53 55 58 59 62 65 66 72 74 76 81 85 88 89 90 92 99
a 3 1 L 42 3 6 5 4 17 28 74 92
a 4 2 S 41 7 27 43 13 3 16 20 26 35 41 61 69 72 81 85 86 89
a 5 2 S 30 3 5 6 0
a 6 1 L 31 8 10 10 20 1 3 7 11 14 18 19 29 47 51 55 66 67 71 73 81 84 90 96 99
a 7 2 S 47 2 6 4 7 10 14 28 38 42 65 70
a 8 2 S 40 3 12 11 0
a 9 3 S 43 4 21 30 20 0 7 8 14 16 18 28 42 51 58 62 64 65 76 78 79 88 94 98 99
a 10 1 S 36 6 10 14 3 28 38 42
a 11 3 S 44 4 18 28 8 8 10 20 24 27 48 51 92
a 12 2 S 42 5 11 10 15 7 13 14 29 47 48 55 58 59 68 72 77 86 93 95
a 13 3 S 37 4 17 24 1 94
a 14 2 L 29 6 15 15 1 28
a 15 3 S 38 4 15 16 14 8 14 23 26 31 37 38 44 47 55 66 71 77 89
a 16 3 L 42 5 31 47 4 42 65 70 79
a 17 3 L 36 8 24 30 14 0 9 14 19 42 53 55 63 65 70 72 76 89 94
a 18 3 S 46 7 31 34 10 16 28 42 54 65 70 78 79 88 92
a 19 3 S 48 7 28 24 7 8 10 28 54 76 81 94
a 20 3 L 50 2 10 11 0
a 21 3 L 53 6 38 30 0
a 22 1 S 31 2 3 4 4 53 55 78 90
a 23 3 S 49 7 43 73 20 3 10 16 22 25 30 32 51 54 55 59 62 63 65 66 74 79 90 96 99
a 24 2 L 31 6 12 14 9 2 3 14 16 22 31 55 63 89
a 25 3 L 32 2 7 5 6 0 18 81 85 92 98
a 26 3 S 52 6 42 72 5 10 16 38 64 81
a 27 3 S 31 2 9 13 1 72
a 28 1 L 48 8 20 28 0
a 29 2 S 53 5 23 36 32 0 3 7 9 14 17 21 22 23 24 30 31 32 41 45 48 53 54 58 60 62 64 65 66 72 73 74 76 81 85 97 99
a 30 3 S 42 4 20 27 0
a 31 1 S 44 4 7 10 0
a 32 2 S 45 9 32 56 6 14 26 54 88 90 97
a 33 1 L 50 6 9 12 6 16 18 19 62 85 95
a 34 3 S 46 4 26 42 5 6 21 26 39 66
a 35 1 L 39 3 4 5 38 0 1 2 3 7 10 13 14 16 17 19 20 25 28 29 30 31 32 38 41 42 48 55 59 60 62 63 65 69 70 71 74 76 77 78 88 90 99
a 36 1 S 49 9 12 17 1 70
a 37 1 L 37 2 4 6 0
a 38 1 S 47 2 3 3 0
a 39 1 S 42 4 5 7 9 1 9 16 31 51 57 66 90 97
a 40 3 S 41 8 29 30 5 26 62 73 81 97
a 41 2 S 33 7 17 24 1 49
a 42 2 S 51 6 17 15 0
a 43 2 S 31 6 17 30 7 41 44 45 57 59 63 69
a 44 2 S 34 8 25 34 2 11 83
a 45 1 L 48 9 20 21 3 59 81 97
a 46 3 S 41 4 20 17 8 14 19 26 37 58 80 82 94
a 47 2 S 43 5 21 20 0
a 48 2 S 47 9 38 63 6 10 55 58 79 85 97
a 49 1 S 36 5 7 6 2 53 65
a 50 2 S 53 6 25 23 0
a 51 1 S 33 8 10 12 3 38 42 70
a 52 3 S 38 9 29 34 0
a 53 3 S 40 8 28 31 32 0 7 8 9 10 14 16 18 27 28 38 42 51 54 58 62 63 64 65 66 70 72 76 78 79 81 88 92 94 97 98 99
a 54 1 S 49 3 8 11 12 7 10 14 28 38 42 51 63 65 70 79 92
a 55 2 S 52 6 21 31 1 42
a 56 2 L 37 7 21 28 1 85
a 57 3 L 53 6 43 45 7 3 27 28 31 59 61 76
a 58 2 S 51 5 16 16 18 7 10 14 16 28 38 42 51 54 63 64 65 70 78 79 92 94 98
a 59 2 S 44 6 22 18 2 62 97
a 60 3 S 30 4 10 10 0
a 61 3 S 39 5 19 31 6 10 51 59 72 94 99
a 62 3 L 33 2 5 8 7 10 38 42 51 78 79 99
a 63 3 S 31 3 10 10 0
a 64 2 S 41 5 19 30 0
a 65 1 L 35 6 6 7 3 28 38 42
a 66 1 L 37 4 5 6 19 7 10 14 16 18 38 51 54 58 63 65 78 79 81 88 92 94 98 99
a 67 3 S 37 4 13 18 1 96
a 68 2 S 50 5 20 17 3 29 70 78
a 69 1 S 43 6 12 15 6 20 32 70 78 90 99
a 70 3 S 43 3 14 17 0
a 71 3 S 52 7 39 67 5 8 38 53 60 72
a 72 1 S 45 5 8 14 6 28 42 63 65 70 79
a 73 3 L 36 5 20 20 3 23 48 86
a 74 2 L 33 3 7 6 8 0 28 51 54 59 72 94 98
a 75 1 S 46 9 11 13 3 40 44 53
a 76 1 S 28 5 7 6 4 14 54 94 98
a 77 1 S 54 5 14 19 10 0 18 32 45 49 54 63 85 96 99
a 78 1 L 54 9 15 23 14 7 10 14 28 38 42 51 54 63 65 70 79 92 94
a 79 1 S 36 4 7 8 3 14 38 42
a 80 1 S 37 6 11 15 1 30
a 81 1 S 28 6 7 5 2 28 63
a 82 3 S 36 9 38 54 11 10 14 18 19 22 28 54 64 76 78 97
a 83 3 S 37 9 41 52 5 8 25 49 56 86
a 84 3 S 49 3 19 19 4 17 22 81 91
a 85 3 S 36 3 12 18 5 62 72 88 94 97
a 86 3 S 45 3 19 17 3 8 53 70
a 87 3 S 42 8 29 46 0
a 88 3 L 51 3 16 17 0
a 89 3 S 42 7 28 34 2 70 76
a 90 3 S 33 5 17 28 1 38
a 91 1 S 39 5 6 5 17 7 10 21 26 28 29 45 54 56 61 62 67 74 90 92 95 96
a 92 2 S 35 2 7 11 1 70
a 93 2 S 34 3 11 10 6 25 42 55 56 59 98
a 94 3 S 54 4 19 30 1 79
a 95 1 S 50 8 20 16 10 13 26 38 42 77 82 85 92 98 99
a 96 1 S 53 8 18 31 13 14 22 27 32 38 51 53 63 70 81 82 89 94
a 97 1 S 31 5 8 9 12 7 10 14 28 38 51 58 64 70 72 78 98
a 98 3 L 32 5 23 34 8 14 28 51 54 63 70 79 92
a 99 1 S 53 7 14 11 20 7 14 16 28 38 42 51 54 58 63 64 65 70 72 78 79 88 92 94 98
