ppoi 6 6 2 200 100
b 0 0 0
b 1 5 7
b 3 10 1
b 4 10 0
b 5 1 1
b 6 3 2
s 0 0
s 1 1
s 2 3
s 3 4
s 4 5
s 5 6
c 0 1 150 75 0.85
c 1 3 420 60 0.60
r 0 3 S 95 3 0
r 1 1 S 82 7 2 77 186
r 2 1 S 65 8 2 112 142
r 3 3 S 67 2 2 53 198
r 4 3 S 73 3 2 120 126
r 5 2 S 77 6 3 56 150 198
r 6 3 S 65 5 2 24 172
r 7 1 S 62 4 0
r 8 1 L 92 9 1 81
r 9 3 L 87 4 2 62 131
r 10 1 L 81 5 5 1 79 148 161 192
r 11 3 S 75 6 0
r 12 1 S 79 7 4 35 67 150 171
r 13 3 S 84 8 0
r 14 3 S 93 8 3 41 79 167
r 15 2 S 67 7 0
r 16 1 L 70 9 0
r 17 3 L 53 8 4 41 93 146 169
r 18 2 S 99 6 3 67 96 171
r 19 1 S 83 4 7 28 33 55 92 109 186 191
r 20 2 S 101 2 0
r 21 3 S 90 8 3 33 65 85
r 22 3 L 64 5 0
r 23 3 S 68 4 5 37 70 160 166 167
r 24 2 S 95 9 1 77
r 25 3 S 69 7 1 94
r 26 3 S 91 6 6 13 36 87 113 125 158
r 27 3 S 89 2 2 82 104
r 28 1 S 89 7 2 77 186
r 29 2 L 85 4 1 85
r 30 3 L 65 3 1 112
r 31 2 S 102 2 0
r 32 2 S 97 3 13 20 30 46 60 77 104 117 132 143 155 157 168 189
r 33 1 S 103 3 0
r 34 3 L 74 9 8 14 55 69 79 94 96 128 172
r 35 3 S 85 8 0
r 36 1 S 103 4 0
r 37 1 S 84 6 2 79 87
r 38 3 L 55 4 0
r 39 1 L 80 6 0
r 40 2 L 98 8 9 8 33 73 120 143 157 161 169 173
r 41 1 L 83 2 5 20 22 49 158 159
r 42 3 L 59 7 4 36 113 161 180
r 43 1 S 76 5 0
r 44 3 L 52 7 8 73 77 96 105 113 161 166 168
r 45 2 S 95 2 0
r 46 3 S 102 4 5 25 71 81 128 166
r 47 3 S 60 7 0
r 48 1 S 78 3 11 13 18 39 51 106 133 137 144 163 166 189
r 49 3 S 97 4 0
r 50 1 S 68 5 9 15 58 73 96 101 105 115 166 191
r 51 1 S 68 3 2 82 192
r 52 2 S 61 6 3 137 145 181
r 53 1 S 86 8 1 42
r 54 2 S 72 3 7 67 100 104 125 179 181 188
r 55 2 S 99 8 1 152
r 56 2 L 63 4 7 1 33 41 58 112 146 168
r 57 2 S 98 2 3 104 155 163
r 58 3 S 57 9 9 20 36 83 87 113 124 125 128 168
r 59 1 S 66 7 2 34 84
r 60 2 S 74 8 4 15 22 126 180
r 61 2 S 83 7 9 13 22 71 107 131 145 148 152 182
r 62 3 S 102 7 0
r 63 2 S 85 9 1 148
r 64 2 L 78 2 3 56 90 106
r 65 3 S 69 5 1 155
r 66 2 L 66 5 0
r 67 2 S 81 5 0
r 68 3 L 94 8 1 89
r 69 1 S 67 5 0
r 70 2 S 53 5 0
r 71 3 S 85 3 4 49 121 160 186
r 72 1 L 53 6 0
r 73 3 S 66 4 0
r 74 2 L 59 8 9 8 28 36 68 69 129 133 138 143
r 75 2 S 56 8 6 13 26 86 92 138 181
r 76 1 L 73 9 4 28 129 153 157
r 77 3 S 86 3 0
r 78 3 S 65 4 11 27 33 53 76 79 85 93 129 150 160 184
r 79 3 S 90 7 0
r 80 2 S 54 8 6 51 113 129 156 173 180
r 81 1 S 103 5 0
r 82 3 S 101 9 3 77 113 158
r 83 1 S 102 3 0
r 84 3 S 73 6 2 158 169
r 85 2 L 83 9 1 180
r 86 1 S 82 3 11 2 100 101 121 125 128 148 159 168 169 192
r 87 3 S 90 3 0
r 88 2 S 63 4 0
r 89 1 S 57 5 0
r 90 1 L 74 4 0
r 91 1 S 91 7 0
r 92 3 S 76 5 0
r 93 1 S 85 9 0
r 94 3 S 76 6 2 79 173
r 95 3 S 98 9 0
r 96 2 S 85 4 0
r 97 2 S 55 7 10 27 36 38 40 93 98 105 148 171 173
r 98 2 S 80 7 0
r 99 2 L 74 6 1 41
r 100 3 S 70 2 0
r 101 3 S 103 6 1 26
r 102 3 L 61 6 10 31 33 39 44 84 96 126 133 153 170
r 103 1 S 92 9 1 99
r 104 2 S 103 4 7 92 126 142 155 159 161 171
r 105 1 L 87 5 0
r 106 2 S 83 8 0
r 107 2 L 100 4 1 194
r 108 2 S 94 8 1 166
r 109 1 S 94 8 0
r 110 3 S 83 5 1 159
r 111 3 L 71 3 1 69
r 112 2 L 55 2 0
r 113 2 S 56 2 0
r 114 1 L 78 5 0
r 115 1 S 95 2 2 49 159
r 116 3 S 84 8 0
r 117 1 S 90 9 0
r 118 3 S 54 8 2 121 161
r 119 1 L 72 7 1 20
r 120 3 S 78 8 1 13
r 121 2 S 96 2 0
r 122 2 L 68 7 18 8 16 22 33 58 73 77 81 82 83 94 112 117 128 167 173 182 189
r 123 3 S 73 8 13 11 27 33 35 67 79 112 118 122 167 170 174 184
r 124 1 L 53 2 0
r 125 2 S 86 8 0
r 126 2 S 80 6 5 79 113 121 128 159
r 127 2 S 98 9 4 7 16 37 160
r 128 2 L 94 2 0
r 129 1 S 76 6 6 70 71 98 113 137 159
r 130 3 S 56 9 10 16 33 42 58 70 100 147 155 168 178
r 131 2 S 88 3 1 146
r 132 3 S 70 3 2 26 144
r 133 1 S 90 5 0
r 134 1 S 61 6 2 51 143
r 135 3 S 55 7 5 1 44 83 109 155
r 136 1 S 80 4 1 161
r 137 2 S 94 7 2 39 186
r 138 1 S 98 6 1 109
r 139 2 S 54 5 0
r 140 2 S 92 3 0
r 141 1 L 85 9 5 7 20 35 105 118
r 142 3 S 95 9 1 20
r 143 1 S 69 7 1 87
r 144 3 S 96 9 0
r 145 1 L 63 5 7 11 18 30 37 124 144 146
r 146 3 S 58 7 4 13 22 144 158
r 147 2 S 94 2 1 124
r 148 2 S 81 5 0
r 149 2 S 58 3 0
r 150 3 S 55 4 0
r 151 2 L 88 9 0
r 152 1 S 60 6 6 33 39 49 81 87 112
r 153 1 S 81 2 5 39 96 98 128 152
r 154 1 S 55 9 2 44 117
r 155 2 L 67 2 0
r 156 2 S 70 2 7 1 13 24 41 94 105 148
r 157 3 S 91 6 8 69 77 79 81 106 114 148 160
r 158 2 S 67 2 0
r 159 2 L 69 3 0
r 160 2 S 64 6 0
r 161 3 S 85 6 0
r 162 2 L 85 8 1 148
r 163 3 S 102 4 0
r 164 1 S 93 5 9 7 20 38 42 79 112 113 131 196
r 165 1 S 101 4 0
r 166 1 S 65 9 0
r 167 2 L 70 7 6 33 70 81 105 124 160
r 168 2 S 70 4 0
r 169 1 S 92 5 1 148
r 170 3 S 80 4 6 16 25 106 117 152 189
r 171 3 L 97 5 0
r 172 2 L 74 9 1 77
r 173 2 L 64 8 0
r 174 2 S 86 6 3 33 126 159
r 175 2 L 101 7 0
r 176 1 S 94 4 4 23 30 95 99
r 177 3 S 95 2 4 37 87 109 115
r 178 3 S 76 3 7 13 67 73 112 117 150 159
r 179 1 S 76 3 1 11
r 180 3 S 92 2 0
r 181 1 S 94 4 2 106 113
r 182 2 S 56 9 0
r 183 1 S 92 5 5 10 62 120 174 184
r 184 3 S 87 7 0
r 185 1 S 65 9 1 120
r 186 1 L 89 8 0
r 187 2 S 75 2 1 71
r 188 3 S 88 6 6 20 39 73 125 168 186
r 189 1 L 64 6 0
r 190 3 S 63 2 0
r 191 3 S 73 6 2 105 169
r 192 3 S 93 8 0
r 193 1 L 79 9 2 88 182
r 194 1 S 101 3 0
r 195 3 S 103 3 0
r 196 2 S 54 4 0
r 197 3 S 79 6 2 46 156
r 198 3 S 66 2 1 166
r 199 2 L 64 6 2 67 171
a 0 3 L 103 9 34 21 4 14 28 44 77
a 1 1 S 100 7 9 6 18 6 12 13 22 30 34 48 53 57 60 67 77 78 83 85 87 89 93
a 2 3 S 64 8 24 14 2 37 68
a 3 2 S 97 4 10 6 3 4 16 60
a 4 2 S 81 7 17 10 14 13 30 35 37 49 50 57 63 68 77 78 83 85 88
a 5 2 S 86 6 14 6 2 37 88
a 6 1 S 84 3 3 2 0
a 7 2 S 66 4 9 3 1 89
a 8 1 L 85 9 11 6 30 4 5 6 7 9 13 17 27 30 37 42 49 50 51 53 57 60 62 63 68 77 78 81 83 85 86 88 89 91 92
a 9 1 S 88 8 10 5 8 6 17 30 42 60 83 86 92
a 10 2 S 52 4 7 2 3 24 52 88
a 11 3 S 81 9 29 19 25 2 7 9 12 14 22 26 27 30 34 42 51 53 60 78 80 81 83 85 86 88 89 90 91 93
a 12 3 S 54 3 8 3 9 17 42 51 63 68 77 85 86 92
a 13 3 S 77 6 18 15 4 17 30 42 62
a 14 1 S 84 4 6 2 18 4 6 7 17 30 34 49 50 51 57 63 68 78 81 88 89 91 92
a 15 3 S 104 9 42 28 6 28 47 52 56 91 93
a 16 2 S 56 9 12 6 7 8 42 60 63 78 85 93
a 17 3 S 64 3 9 3 2 42 62
a 18 1 S 85 2 3 1 4 48 51 89 97
a 19 2 S 89 3 8 4 7 36 61 74 77 81 83 86
a 20 1 S 86 3 4 2 5 5 26 30 53 65
a 21 1 S 52 7 6 2 25 0 4 7 8 12 14 15 16 24 25 26 32 50 51 52 58 60 63 68 69 71 72 78 91 97
a 22 1 S 103 7 11 7 8 7 51 57 63 78 81 88 93
a 23 3 S 62 8 18 8 1 50
a 24 2 S 59 7 12 8 5 13 17 49 60 78
a 25 1 S 76 6 8 4 28 2 6 11 12 13 14 22 23 24 27 30 34 35 37 49 50 51 52 66 67 78 85 86 87 89 90 92 93
a 26 1 S 81 9 11 7 6 49 51 67 77 78 86
a 27 3 S 100 8 33 22 3 30 37 81
a 28 2 S 62 6 10 4 39 1 4 5 6 7 8 9 11 12 13 14 16 17 22 24 25 26 34 35 37 42 44 51 52 53 57 62 63 68 75 77 78 80 83 85 87 91 93 96
a 29 2 S 73 5 9 5 2 67 86
a 30 2 L 52 6 7 6 2 42 62
a 31 1 L 90 9 9 6 0
a 32 1 S 74 5 6 3 1 26
a 33 2 L 72 3 6 3 16 0 12 13 16 18 20 25 29 32 34 42 56 60 75 83 85
a 34 2 S 98 4 12 8 6 6 42 62 81 83 86
a 35 2 S 55 7 11 8 3 5 67 78
a 36 2 S 67 6 10 7 43 2 5 6 7 8 9 15 17 20 22 23 24 25 27 28 32 34 35 37 40 48 50 56 58 60 61 62 64 65 66 67 69 75 77 78 81 85 87 88 89 92 93 97
a 37 2 S 63 7 11 5 1 6
a 38 1 S 68 8 9 3 2 14 25
a 39 1 S 67 3 4 1 2 29 49
a 40 1 S 88 6 7 3 1 98
a 41 3 S 67 3 8 5 2 23 72
a 42 2 L 59 9 15 11 0
a 43 3 S 93 9 37 19 17 2 4 5 11 12 15 20 24 26 48 53 67 78 86 87 89 97
a 44 1 S 79 4 4 2 18 8 12 14 17 22 24 30 42 48 53 60 68 77 78 80 83 89 92
a 45 1 S 77 3 3 1 32 4 13 14 16 22 24 25 26 28 30 35 36 37 40 43 46 47 49 52 59 63 64 65 67 68 70 73 77 85 87 91 92
a 46 1 S 53 4 3 1 17 2 8 9 17 30 37 60 61 65 66 69 71 78 82 86 87 96
a 47 3 S 64 5 12 9 0
a 48 1 S 82 4 5 3 2 5 77
a 49 3 S 87 9 28 16 1 81
a 50 1 S 82 2 3 1 12 9 30 37 42 60 62 63 83 85 86 88 92
a 51 3 S 81 2 6 5 28 5 6 9 13 27 30 34 35 37 42 49 50 57 60 62 63 67 68 78 81 83 85 86 88 89 91 92 93
a 52 2 S 99 5 12 8 9 7 12 24 35 57 60 68 85 86
a 53 3 L 99 3 13 5 0
a 54 3 S 98 6 22 13 4 44 48 56 80
a 55 2 S 74 9 19 14 10 2 7 22 23 45 52 70 72 73 86
a 56 3 S 76 9 23 15 6 4 5 6 22 24 81
a 57 3 L 87 9 27 14 16 6 9 13 27 30 34 37 42 49 50 62 81 85 86 88 93
a 58 2 S 65 6 12 8 21 4 8 9 12 16 22 23 25 27 35 37 47 48 52 62 71 80 83 88 89 96
a 59 1 S 60 6 5 2 8 2 5 50 65 70 82 86 92
a 60 3 S 92 4 16 11 4 17 30 42 62
a 61 3 L 94 8 26 14 5 28 34 49 50 89
a 62 1 S 58 9 7 5 0
a 63 2 S 78 2 4 2 4 17 30 42 62
a 64 2 L 83 5 11 8 4 17 32 34 56
a 65 1 S 63 3 3 1 7 1 2 7 17 44 78 80
a 66 3 L 67 7 21 8 20 2 6 12 14 17 24 34 42 48 49 53 57 63 77 78 80 81 85 91 96
a 67 2 L 86 8 19 13 13 6 27 30 34 37 42 49 50 62 63 85 86 93
a 68 1 S 60 4 3 2 0
a 69 3 S 59 8 22 12 3 29 30 71
a 70 1 S 60 2 2 1 3 24 43 91
a 71 1 S 70 6 5 2 51 2 4 5 6 7 8 9 11 12 13 14 17 22 23 24 26 27 30 34 35 37 42 44 47 48 49 50 51 53 57 60 62 63 66 67 68 77 78 80 81 83 85 86 87 88 89 90 91 92 93 96
a 72 2 S 69 4 9 3 12 0 8 13 27 37 43 48 61 65 71 78 83
a 73 3 S 98 2 7 3 7 24 48 65 66 79 81 98
a 74 1 S 62 3 3 1 2 30 57
a 75 2 S 59 6 8 6 16 6 8 9 11 17 24 26 34 35 47 52 63 67 68 77 91
a 76 2 S 88 6 11 10 9 4 30 41 50 62 68 88 89 95
a 77 2 S 59 8 14 8 5 9 30 60 91 92
a 78 2 L 64 7 12 8 5 17 62 63 85 88
a 79 2 L 99 8 19 11 2 11 34
a 80 2 S 89 3 8 4 11 13 30 42 51 53 62 67 78 85 88 89
a 81 2 S 65 7 11 8 11 6 13 17 30 42 60 62 63 83 86 92
a 82 1 S 69 3 4 1 12 4 6 12 13 24 34 37 51 65 87 92 98
a 83 2 L 81 7 12 6 2 17 42
a 84 3 L 96 3 10 7 8 12 13 18 29 47 63 80 86
a 85 2 L 61 9 17 8 5 17 30 60 83 86
a 86 2 S 94 9 21 14 8 13 17 30 42 60 62 63 83
a 87 1 L 56 3 3 1 6 2 7 9 17 23 96
a 88 1 S 57 9 8 5 2 62 86
a 89 1 S 53 3 3 1 21 6 9 13 17 27 30 34 37 42 49 50 60 62 63 81 83 85 86 88 92 93
a 90 1 S 68 2 2 0 24 2 5 6 7 8 12 13 23 30 48 49 50 53 57 60 68 77 78 80 81 83 85 88 91
a 91 1 S 81 2 2 1 2 13 27
a 92 1 S 89 8 9 6 8 13 17 30 42 60 62 63 83
a 93 3 S 63 7 14 9 1 81
a 94 2 L 87 3 6 3 10 0 30 35 46 50 61 72 85 89 97
a 95 3 S 60 9 26 17 0
a 96 3 S 63 5 12 5 1 7
a 97 2 S 90 5 10 6 1 16
a 98 1 S 92 5 7 4 7 1 14 23 32 62 63 67
a 99 2 L 76 4 8 4 15 2 11 20 21 28 49 52 53 54 59 61 63 64 68 85
