ppoi 6 6 2 200 100
b 0 1 0
b 1 5 3
b 3 8 2
b 4 4 0
b 5 5 4
b 6 5 5
s 0 0
s 1 1
s 2 3
s 3 4
s 4 5
s 5 6
c 0 1 150 75 0.85
c 1 3 420 60 0.60
r 0 3 S 52 6 0
r 1 2 S 47 2 0
r 2 1 S 34 7 0
r 3 3 S 33 5 0
r 4 1 L 28 6 4 3 5 17 96
r 5 1 S 32 8 0
r 6 1 S 45 6 3 93 189 196
r 7 2 S 51 6 4 29 101 107 144
r 8 3 S 43 9 1 143
r 9 2 L 36 8 2 92 97
r 10 2 S 44 7 3 55 180 189
r 11 2 L 39 2 0
r 12 2 S 36 8 5 41 125 138 139 189
r 13 3 L 30 6 1 80
r 14 3 L 50 5 0
r 15 3 S 43 4 2 34 47
r 16 1 S 42 6 0
r 17 2 S 50 6 9 2 30 43 110 166 180 187 189 195
r 18 1 S 44 5 0
r 19 2 L 50 3 0
r 20 3 S 48 2 2 93 148
r 21 3 L 35 2 0
r 22 3 S 29 2 0
r 23 2 S 27 5 7 0 15 93 106 121 140 158
r 24 3 S 51 5 7 19 41 42 54 128 182 183
r 25 2 S 28 4 5 34 72 80 147 191
r 26 3 S 54 2 3 103 150 171
r 27 3 S 53 8 5 11 17 129 139 194
r 28 2 S 35 8 1 145
r 29 3 S 45 9 1 191
r 30 3 S 31 3 0
r 31 3 L 44 7 20 9 13 16 17 20 29 37 44 62 107 124 134 137 138 155 164 166 175 186 187
r 32 2 S 29 2 0
r 33 1 L 54 7 0
r 34 1 L 43 6 10 5 11 21 43 55 92 148 153 180 191
r 35 1 S 38 7 0
r 36 1 S 53 7 0
r 37 2 L 35 8 3 2 50 195
r 38 3 S 29 3 0
r 39 2 L 49 2 8 43 66 92 94 139 142 147 185
r 40 1 S 30 5 5 13 28 46 55 197
r 41 2 S 50 9 1 92
r 42 1 S 46 2 1 145
r 43 3 S 30 6 0
r 44 3 L 53 6 2 2 19
r 45 1 S 47 9 10 6 31 33 80 92 97 107 144 149 177
r 46 2 S 49 8 8 2 16 21 30 43 55 186 189
r 47 2 S 47 6 0
r 48 3 S 48 3 0
r 49 3 L 49 3 0
r 50 3 S 46 6 0
r 51 1 S 40 9 0
r 52 1 L 37 7 0
r 53 2 S 41 2 2 127 153
r 54 3 S 51 8 2 97 137
r 55 2 L 32 8 0
r 56 1 S 35 9 2 94 164
r 57 2 S 41 6 7 34 43 54 120 130 132 180
r 58 2 S 27 3 0
r 59 1 S 52 4 3 105 127 156
r 60 2 S 40 7 2 13 42
r 61 2 S 28 6 0
r 62 1 S 43 2 4 55 72 93 166
r 63 1 S 49 8 9 2 11 19 72 80 93 127 166 180
r 64 1 S 30 6 0
r 65 3 S 34 7 0
r 66 2 S 31 2 1 130
r 67 1 S 50 3 1 138
r 68 3 L 31 2 0
r 69 2 S 48 8 9 21 42 62 76 77 124 161 163 186
r 70 1 L 29 7 1 54
r 71 1 S 38 6 2 16 43
r 72 3 L 28 3 0
r 73 3 S 27 2 2 191 198
r 74 3 S 33 5 5 4 20 32 123 148
r 75 1 L 41 7 0
r 76 3 S 47 6 12 2 16 19 43 92 93 97 137 153 180 187 195
r 77 2 S 45 2 0
r 78 3 L 29 6 5 72 92 97 180 189
r 79 1 S 50 3 2 6 55
r 80 1 S 41 2 0
r 81 2 L 34 6 3 29 44 129
r 82 1 S 42 3 0
r 83 3 L 42 3 6 29 50 63 105 107 163
r 84 3 L 47 8 1 56
r 85 3 L 43 9 2 93 97
r 86 3 L 39 5 2 55 89
r 87 1 S 50 9 3 123 145 163
r 88 1 S 35 5 4 37 118 150 153
r 89 3 S 35 5 7 29 34 55 91 145 163 166
r 90 2 L 43 2 10 15 33 35 50 89 93 110 133 138 195
r 91 2 S 35 3 3 80 137 187
r 92 1 S 35 3 0
r 93 1 S 37 3 0
r 94 3 L 40 6 2 77 118
r 95 1 L 30 8 1 42
r 96 1 S 34 9 0
r 97 2 L 47 4 0
r 98 3 S 53 2 1 28
r 99 1 S 48 5 1 197
r 100 1 S 42 3 0
r 101 2 L 50 3 0
r 102 1 S 51 3 1 144
r 103 1 L 53 3 1 186
r 104 2 S 39 6 1 29
r 105 2 S 35 4 0
r 106 2 L 30 4 1 31
r 107 1 S 46 4 2 189 191
r 108 3 L 36 7 3 5 180 197
r 109 3 S 35 8 4 20 29 36 195
r 110 2 S 44 4 0
r 111 2 S 49 8 4 69 95 96 149
r 112 1 S 41 2 0
r 113 3 S 43 6 2 42 66
r 114 1 S 45 9 16 2 10 20 28 63 77 85 97 105 123 128 150 163 164 187 195
r 115 1 S 46 3 2 17 37
r 116 2 L 32 6 4 63 77 162 186
r 117 3 L 52 4 11 2 58 75 83 87 88 103 110 118 123 137
r 118 2 S 35 4 0
r 119 2 S 33 2 7 17 37 88 108 127 176 185
r 120 3 S 31 6 3 50 180 195
r 121 1 S 47 7 0
r 122 2 L 44 6 8 4 20 29 33 58 69 89 97
r 123 2 L 28 6 2 2 189
r 124 1 S 41 6 0
r 125 3 S 51 6 0
r 126 3 L 47 9 3 34 80 97
r 127 2 S 29 5 0
r 128 2 S 30 4 1 5
r 129 2 S 40 3 4 32 137 147 175
r 130 1 S 34 5 6 44 55 105 110 150 166
r 131 2 S 36 4 0
r 132 1 S 30 8 1 30
r 133 3 S 36 5 2 29 125
r 134 1 L 42 2 0
r 135 2 L 53 2 3 36 124 155
r 136 3 S 32 3 2 62 135
r 137 3 S 31 3 0
r 138 3 L 45 7 1 36
r 139 3 S 44 2 2 19 196
r 140 1 S 50 8 1 28
r 141 3 S 50 3 0
r 142 2 S 40 3 0
r 143 1 S 53 2 6 30 44 72 77 138 164
r 144 2 S 42 5 2 132 195
r 145 3 L 46 2 0
r 146 1 S 36 3 1 145
r 147 3 S 44 3 6 21 30 145 166 180 187
r 148 1 S 45 6 0
r 149 2 S 52 2 3 80 125 186
r 150 2 S 37 7 5 43 93 110 180 197
r 151 3 S 37 4 1 149
r 152 3 L 38 2 2 32 189
r 153 2 L 47 4 0
r 154 1 S 32 5 2 116 163
r 155 1 S 39 7 3 5 110 148
r 156 1 S 46 9 2 69 195
r 157 1 S 28 7 4 5 37 62 188
r 158 2 S 50 8 2 19 120
r 159 3 S 32 3 2 186 197
r 160 1 S 49 9 2 49 148
r 161 2 S 35 2 3 2 19 50
r 162 1 S 43 8 5 3 36 43 80 125
r 163 3 S 32 4 1 166
r 164 2 S 52 2 0
r 165 1 S 42 6 4 5 114 133 191
r 166 1 S 30 6 0
r 167 2 S 35 3 6 89 112 119 137 166 194
r 168 3 S 46 6 16 19 61 65 67 68 71 78 98 115 120 131 145 151 157 166 171
r 169 3 L 34 8 0
r 170 2 S 48 6 3 25 62 96
r 171 3 S 33 6 0
r 172 2 L 44 2 1 65
r 173 3 L 35 6 5 71 80 106 131 139
r 174 3 S 52 5 1 37
r 175 1 L 33 4 0
r 176 1 S 36 3 9 2 34 96 97 123 125 155 175 198
r 177 2 S 47 6 1 150
r 178 1 S 42 4 2 11 19
r 179 2 L 35 6 5 132 137 186 191 198
r 180 1 L 44 5 0
r 181 1 L 28 6 8 44 78 85 110 127 147 162 175
r 182 3 S 52 8 0
r 183 3 S 32 4 0
r 184 1 S 48 3 3 21 77 114
r 185 3 S 53 3 0
r 186 3 S 34 4 0
r 187 2 S 33 2 0
r 188 3 S 36 7 2 5 32
r 189 2 S 39 7 0
r 190 2 S 28 3 1 37
r 191 3 L 29 2 0
r 192 3 L 51 4 1 44
r 193 2 S 53 4 3 19 166 188
r 194 2 S 47 8 1 54
r 195 2 L 47 4 0
r 196 3 L 31 3 0
r 197 2 L 32 3 0
r 198 3 L 38 6 3 55 72 191
r 199 1 S 28 2 1 124
a 0 1 S 33 8 8 11 5 8 43 59 66 88
a 1 1 L 37 7 13 11 27 4 6 12 14 19 22 25 26 27 29 31 34 35 37 47 49 57 58 68 72 75 82 88 90 93 97 99
a 2 3 S 36 2 6 10 10 4 6 22 31 35 37 47 58 75 82
a 3 2 L 47 5 15 23 33 1 2 9 10 11 12 14 22 25 26 27 29 30 31 34 40 41 42 45 54 57 58 65 68 72 82 83 86 88 92 93 95 97
a 4 3 S 37 2 8 8 13 19 22 26 27 29 31 35 37 47 58 72 88 90
a 5 2 S 35 5 14 19 16 2 8 12 24 43 53 54 66 71 74 82 83 90 91 95 96
a 6 1 L 34 7 8 8 3 27 29 47
a 7 3 L 48 8 52 46 11 20 26 27 29 42 45 56 57 72 97 99
a 8 2 L 33 5 12 20 8 2 35 37 58 59 76 86 99
a 9 2 S 38 4 13 17 18 4 6 12 20 22 25 26 29 30 35 41 57 72 75 82 90 97 99
a 10 2 S 35 2 6 8 9 4 12 14 19 27 49 59 75 86
a 11 1 S 32 9 11 13 1 30
a 12 3 S 52 3 19 27 2 4 29
a 13 2 S 34 4 11 12 8 16 29 37 43 51 53 84 93
a 14 3 S 30 9 24 19 14 22 26 31 35 47 49 57 58 72 82 88 93 97 99
a 15 2 S 28 3 6 6 23 1 2 6 8 9 10 13 24 26 27 32 46 52 55 57 59 67 71 79 80 81 84 92
a 16 3 S 38 7 37 30 20 2 7 10 11 12 18 19 24 31 32 37 38 51 58 65 76 86 93 95 96
a 17 2 S 43 3 12 10 19 0 6 11 14 20 23 27 32 33 38 40 45 66 73 85 86 89 91 99
a 18 1 S 28 4 5 7 3 21 40 59
a 19 2 S 51 9 37 54 3 26 31 90
a 20 3 S 33 4 15 12 2 14 31
a 21 1 S 47 6 12 12 7 11 19 20 35 58 59 95
a 22 1 L 36 3 4 3 3 26 31 90
a 23 1 L 49 2 5 8 28 3 7 10 12 20 21 22 24 25 29 31 38 39 40 41 42 49 50 51 54 57 68 75 83 85 93 98 99
a 24 3 L 33 6 25 26 10 6 7 12 30 31 33 43 51 53 84
a 25 3 S 44 7 30 30 6 19 31 35 37 47 90
a 26 2 S 48 5 22 23 0
a 27 3 S 51 9 42 41 7 19 22 26 29 31 72 90
a 28 3 S 50 7 35 54 36 2 3 4 6 8 9 11 13 16 18 19 20 22 25 27 29 30 31 37 44 47 55 65 67 68 72 73 75 85 87 89 91 92 96 98 99
a 29 2 L 48 4 10 15 3 26 31 90
a 30 1 S 28 8 10 10 4 6 22 29 99
a 31 2 S 38 4 10 13 0
a 32 3 S 51 5 22 22 40 1 2 4 6 9 10 11 14 19 21 25 26 27 29 30 34 35 37 41 42 45 47 49 53 57 58 59 68 72 74 75 76 83 84 88 90 91 92 97 99
a 33 3 L 37 4 13 20 7 10 31 34 68 82 83 95
a 34 3 S 34 8 35 41 2 27 90
a 35 2 L 32 6 11 9 7 19 22 26 29 31 72 90
a 36 2 S 43 2 6 5 0
a 37 1 L 35 7 12 15 12 19 22 26 27 29 31 35 47 58 72 88 90
a 38 3 S 33 4 13 14 1 35
a 39 2 S 49 2 10 11 4 4 30 68 76
a 40 3 L 51 4 17 22 17 2 14 19 20 27 29 30 35 37 39 49 53 72 74 75 91 99
a 41 2 S 54 3 10 10 14 4 12 14 19 22 25 26 31 35 49 58 68 82 88
a 42 1 L 53 2 4 3 4 19 35 75 99
a 43 2 S 45 4 10 10 3 2 4 37
a 44 2 L 32 9 26 25 28 9 13 18 19 20 23 25 26 27 31 33 34 35 38 40 42 45 51 53 58 62 67 71 73 83 86 92 96
a 45 1 L 28 4 5 4 1 35
a 46 3 S 32 8 38 57 26 2 4 6 9 11 12 14 21 25 26 27 30 35 37 39 53 57 59 74 82 83 84 86 90 95 97
a 47 3 S 30 2 8 8 7 19 22 26 29 31 72 90
a 48 3 S 43 7 46 38 8 4 35 41 42 58 59 68 86
a 49 1 S 50 2 5 5 18 4 12 19 22 25 26 27 29 35 37 47 57 72 88 90 93 97 99
a 50 1 S 42 9 14 12 7 20 40 49 53 56 59 72
a 51 2 S 44 5 19 18 4 32 37 75 95
a 52 1 S 43 6 12 17 7 3 7 11 34 44 45 66
a 53 3 L 44 3 11 18 8 2 6 27 58 72 88 91 92
a 54 2 S 36 6 15 15 13 2 26 27 29 30 35 42 45 49 57 86 90 99
a 55 2 S 46 3 8 14 5 3 4 18 21 56
a 56 3 S 34 9 40 34 2 68 90
a 57 3 S 41 4 20 32 10 4 22 27 29 31 34 35 37 72 82
a 58 1 S 28 6 7 9 1 26
a 59 3 L 46 8 45 64 3 58 75 82
a 60 1 L 35 8 12 15 11 3 4 21 26 43 68 87 89 91 93 96
a 61 2 S 32 2 4 4 0
a 62 3 L 54 4 31 33 11 5 9 12 40 41 49 50 76 88 91 98
a 63 2 L 53 6 31 36 1 90
a 64 1 L 42 3 5 8 6 24 29 31 34 70 73
a 65 3 S 52 3 22 37 4 14 74 91 92
a 66 2 L 28 9 23 33 3 25 37 97
a 67 3 L 33 4 12 14 7 29 32 33 49 53 90 92
a 68 3 L 39 9 44 41 5 19 31 35 57 90
a 69 2 S 31 5 13 14 39 4 5 6 9 12 14 16 20 22 24 27 30 32 33 38 39 40 41 42 43 46 47 48 49 54 56 58 59 65 66 72 73 76 86 87 88 90 91 99
a 70 2 S 50 2 7 11 4 29 35 53 74
a 71 1 S 49 5 12 13 0
a 72 2 S 53 2 7 8 3 26 31 90
a 73 2 L 39 6 14 24 11 0 5 22 24 43 49 51 56 58 74 99
a 74 3 S 34 4 14 22 26 4 6 12 14 19 20 22 25 26 29 30 34 35 37 41 42 45 47 49 57 58 68 86 88 93 97
a 75 1 S 48 7 9 12 3 6 57 58
a 76 1 L 51 3 7 10 13 11 19 22 26 27 29 45 47 57 58 74 75 93
a 77 1 L 35 5 6 5 27 0 4 11 13 14 18 20 22 33 34 38 40 41 46 47 48 49 51 52 59 65 66 69 73 89 90 91
a 78 3 L 31 5 17 20 5 30 34 46 83 84
a 79 3 S 51 7 53 51 17 10 12 18 23 24 30 31 33 38 42 54 56 57 84 86 88 93
a 80 3 S 41 8 39 40 2 27 34
a 81 3 S 29 3 9 15 6 54 61 67 83 85 93
a 82 1 S 36 2 4 3 2 26 34
a 83 1 S 47 6 15 13 0
a 84 3 S 51 2 12 10 36 1 2 4 6 12 14 19 20 22 25 26 27 29 30 31 34 35 37 41 42 45 47 49 57 58 59 68 72 75 82 86 88 90 93 97 99
a 85 1 S 30 9 10 15 6 3 29 33 42 59 96
a 86 2 S 42 4 10 14 4 14 31 49 93
a 87 2 L 39 4 10 10 3 1 56 82
a 88 2 S 36 9 21 19 7 19 22 26 29 31 72 90
a 89 3 S 50 7 40 45 58 1 2 3 4 5 7 8 9 10 13 14 16 18 19 20 21 22 24 25 26 29 30 31 32 33 34 35 38 42 43 48 49 50 54 56 57 59 61 62 65 66 67 68 71 76 82 83 85 86 87 88 90 91 92 96 97 98 99
a 90 3 L 43 7 30 46 0
a 91 1 S 40 6 8 14 0
a 92 1 L 28 7 9 10 3 12 25 99
a 93 3 S 43 3 13 17 12 22 25 26 27 31 34 35 37 58 88 97 99
a 94 2 S 28 7 17 25 1 68
a 95 3 S 42 5 21 29 0
a 96 1 S 47 5 11 12 19 1 2 4 11 12 29 30 35 37 39 47 48 53 56 57 59 74 92 98
a 97 3 L 46 7 39 62 8 19 22 31 35 37 58 72 88
a 98 2 L 47 7 21 36 12 8 24 29 31 32 33 38 45 57 84 90 93
a 99 2 S 50 4 17 26 3 27 31 90
