ppoi 6 6 2 50 20
b 0 0 1
b 1 2 1
b 3 6 1
b 4 0 4
b 5 2 0
b 6 2 1
s 0 0
s 1 1
s 2 3
s 3 4
s 4 5
s 5 6
c 0 1 150 75 0.85
c 1 3 420 60 0.60
r 0 1 L 159 8 0
r 1 3 S 114 4 2 0 4
r 2 2 S 178 8 2 0 11
r 3 3 S 125 2 1 27
r 4 3 S 130 8 0
r 5 1 S 203 4 1 4
r 6 2 S 139 9 0
r 7 1 S 211 4 1 45
r 8 2 S 212 7 3 1 17 45
r 9 1 S 121 5 3 13 42 43
r 10 1 S 194 8 1 31
r 11 2 L 207 2 0
r 12 3 S 214 2 1 6
r 13 3 S 176 6 5 17 27 33 37 42
r 14 2 L 211 2 6 5 12 29 37 47 48
r 15 2 S 163 2 0
r 16 2 S 158 2 3 42 46 49
r 17 1 L 144 3 1 6
r 18 3 S 152 8 5 9 12 20 25 47
r 19 1 L 182 2 5 4 5 17 27 47
r 20 3 L 120 3 0
r 21 3 S 198 5 1 8
r 22 1 S 188 4 2 0 46
r 23 3 S 109 5 1 34
r 24 3 L 208 8 0
r 25 3 L 140 9 3 17 20 45
r 26 3 L 117 6 3 19 27 38
r 27 2 S 171 9 0
r 28 2 S 187 4 6 11 29 33 36 38 46
r 29 3 L 142 9 0
r 30 3 L 195 4 0
r 31 1 L 208 8 8 1 6 11 22 28 37 45 49
r 32 2 S 114 8 0
r 33 2 L 124 8 0
r 34 1 S 179 5 5 11 15 27 36 42
r 35 1 L 184 5 0
r 36 1 L 194 2 0
r 37 1 S 208 6 0
r 38 3 S 216 4 0
r 39 2 L 161 8 5 5 36 38 45 49
r 40 1 L 120 4 2 13 47
r 41 3 S 126 4 0
r 42 2 S 170 3 9 0 4 6 11 29 33 38 45 46
r 43 2 S 137 6 0
r 44 2 S 124 5 0
r 45 2 L 144 8 0
r 46 1 S 140 8 0
r 47 1 L 113 5 0
r 48 3 L 111 2 4 29 33 36 45
r 49 1 S 179 4 10 0 4 6 11 29 33 36 38 45 46
a 0 1 S 172 6 32 25 2 13 17
a 1 1 L 150 5 31 34 1 13
a 2 3 S 217 2 41 44 15 0 1 3 4 5 8 10 11 12 13 14 15 17 18 19
a 3 2 S 114 2 19 20 2 15 17
a 4 3 S 188 4 87 131 1 15
a 5 3 L 139 5 87 87 6 0 8 12 13 17 19
a 6 1 L 151 4 24 34 5 0 3 4 5 10
a 7 1 L 118 8 35 29 2 1 19
a 8 1 S 123 9 55 85 4 0 13 17 19
a 9 3 S 122 8 132 132 3 3 15 19
a 10 2 L 145 2 23 20 3 0 8 13
a 11 2 L 165 7 80 89 0
a 12 1 S 212 4 36 45 7 0 8 10 13 17 18 19
a 13 3 L 166 3 71 83 0
a 14 3 L 114 2 22 27 1 8
a 15 1 S 111 9 41 34 9 0 8 10 12 13 14 17 18 19
a 16 1 S 200 4 37 35 2 3 10
a 17 2 L 172 7 76 68 0
a 18 2 L 146 4 48 38 5 0 8 13 17 19
a 19 2 S 217 4 79 128 0
