ppoi 6 6 2 50 20
sched 50 20
r 0 92 1 6
r 1 114 2 3 3
r 2 384 1 3
r 3 398 3 6 6 6
r 4 301 1 1
r 5 376 1 1
r 6 480 2 6 6
r 7 299 2 3 3
r 8 101 3 3 3 3
r 9 376 1 6
r 10 190 2 5 5
r 11 287 1 0
r 12 391 3 3 3 3
r 13 497 3 6 6 6
r 14 392 1 3
r 15 488 2 1 1
r 16 295 1 3
r 17 101 1 6
r 18 202 1 4
r 19 92 3 3 3 3
r 20 308 3 3 3 3
r 21 193 3 6 6 6
r 22 205 3 6 6 6
r 23 281 2 1 1
r 24 280 2 6 6
r 25 501 3 3 3 3
r 26 88 3 3 3 3
r 27 88 1 4
r 28 185 2 3 3
r 29 95 2 6 6
r 30 290 3 3 3 3
r 31 198 3 3 3 3
r 32 211 2 3 3
r 33 476 1 0
r 34 386 3 6 6 6
r 35 491 1 3
r 36 482 2 1 1
r 37 99 1 4
r 38 208 2 5 5
r 39 480 1 6
r 40 113 1 1
r 41 193 1 6
r 42 103 3 3 3 3
r 43 405 3 6 6 6
r 44 385 1 4
r 45 472 3 3 3 3
r 46 376 1 3
r 47 283 2 3 3
r 48 378 2 3 3
r 49 488 1 4
a 0 2308 1 6
a 1 859 2 1 1
a 2 785 1 1
a 3 107 2 6 6
a 4 1454 1 0
a 5 1148 2 1 1
a 6 184 3 6 6 6
a 7 2123 3 3 3 3
a 8 1820 2 5 5
a 9 2793 2 1 1
a 10 2793 2 6 6
a 11 1631 1 1
a 12 2875 1 1
a 13 1449 3 3 3 3
a 14 2204 3 3 3 3
a 15 105 3 3 3 3
a 16 2133 3 6 6 6
a 17 777 3 3 3 3
a 18 2490 3 6 6 6
a 19 1529 2 3 3
c 0 0 2
c 0 1 2
c 0 2 2
c 0 3 2
c 0 4 2
c 0 5 2
c 0 6 0
c 0 7 0
c 0 8 0
c 0 9 0
c 0 10 0
c 0 11 0
c 0 30 2
c 0 31 2
c 0 32 2
c 0 33 2
c 0 34 2
c 0 35 2
c 0 36 2
c 0 37 2
c 0 82 0
c 0 84 0
c 0 85 0
c 0 86 0
c 0 87 0
c 0 88 2
c 0 89 2
c 0 90 2
c 0 91 2
c 0 92 2
c 0 99 0
c 0 100 0
c 0 102 0
c 0 103 0
c 0 105 0
c 0 107 0
c 0 108 0
c 0 109 0
c 0 122 2
c 0 123 2
c 0 126 2
c 0 127 2
c 0 128 2
c 0 129 2
c 0 130 2
c 0 131 2
c 0 162 0
c 0 163 0
c 0 164 0
c 0 165 0
c 0 166 0
c 0 167 0
c 0 168 0
c 0 169 0
c 0 172 2
c 0 173 2
c 0 174 2
c 0 175 2
c 0 176 0
c 0 177 0
c 0 178 0
c 0 179 0
c 0 185 2
c 0 189 0
c 0 192 2
c 0 202 0
c 0 208 2
c 0 209 2
c 0 210 2
c 0 214 2
c 0 215 2
c 0 216 0
c 0 217 0
c 0 218 0
c 0 219 0
c 0 220 0
c 0 222 2
c 0 223 2
c 0 224 2
c 0 225 2
c 0 226 2
c 0 227 2
c 0 228 2
c 0 229 2
c 0 252 0
c 0 253 0
c 0 254 0
c 0 255 0
c 0 258 0
c 0 259 0
c 0 260 0
c 0 261 0
c 0 268 2
c 0 269 2
c 0 279 0
c 0 280 0
c 0 281 2
c 0 282 2
c 0 283 2
c 0 284 2
c 0 285 2
c 0 286 2
c 0 287 0
c 0 289 0
c 0 301 2
c 0 302 2
c 0 303 2
c 0 306 0
c 0 308 0
c 0 309 0
c 0 310 0
c 0 311 0
c 0 314 0
c 0 315 0
c 0 318 2
c 0 319 2
c 0 320 2
c 0 321 2
c 0 322 2
c 0 323 2
c 0 326 0
c 0 327 0
c 0 328 2
c 0 329 2
c 0 330 2
c 0 331 2
c 0 350 0
c 0 351 0
c 0 352 0
c 0 353 0
c 0 354 0
c 0 355 0
c 0 356 0
c 0 357 0
c 0 364 2
c 0 365 2
c 0 366 0
c 0 367 0
c 0 370 2
c 0 371 2
c 0 374 0
c 0 375 0
c 0 378 2
c 0 379 2
c 0 386 2
c 0 387 2
c 0 388 0
c 0 389 0
c 0 390 0
c 0 391 0
c 0 392 2
c 0 393 2
c 0 394 2
c 0 395 2
c 0 396 2
c 0 400 2
c 0 404 2
c 0 405 0
c 0 408 0
c 0 409 0
c 0 410 0
c 0 411 0
c 0 412 0
c 0 413 0
c 0 414 2
c 0 415 2
c 0 416 2
c 0 417 2
c 0 418 2
c 0 419 2
c 0 420 2
c 0 421 2
c 0 422 0
c 0 423 0
c 0 424 2
c 0 425 2
c 0 440 0
c 0 441 0
c 0 442 0
c 0 443 0
c 0 448 0
c 0 449 0
c 0 450 0
c 0 451 0
c 0 464 2
c 0 465 2
c 0 466 2
c 0 467 2
c 0 470 0
c 0 471 0
c 0 472 2
c 0 473 2
c 0 478 2
c 0 479 2
c 0 484 2
c 0 487 2
c 0 489 0
c 0 490 0
c 0 493 2
c 0 496 0
c 0 504 0
c 0 505 0
c 0 506 0
c 0 507 0
c 0 508 0
c 0 509 0
c 0 512 2
c 0 513 2
c 0 514 2
c 0 515 2
c 0 516 2
c 0 517 2
c 0 518 2
c 0 519 2
c 0 522 0
c 0 523 0
c 0 524 2
c 0 525 2
c 0 526 0
c 0 527 0
c 0 528 0
c 0 529 0
c 0 532 2
c 0 533 2
c 0 536 2
c 0 537 2
c 0 546 0
c 0 547 0
c 0 548 0
c 0 549 0
c 0 552 2
c 0 553 2
c 0 554 2
c 0 555 2
c 0 558 0
c 0 559 0
c 0 560 0
c 0 561 0
c 0 562 2
c 0 563 2
c 0 564 2
c 0 565 2
c 0 566 0
c 0 567 0
c 0 568 0
c 0 569 0
c 0 570 0
c 0 571 0
c 0 572 0
c 0 573 0
c 0 576 2
c 0 577 2
c 0 578 2
c 0 579 2
c 0 580 2
c 0 581 2
c 0 582 2
c 0 583 2
c 0 586 0
c 0 587 0
c 0 588 2
c 0 589 2
c 0 590 0
c 0 591 0
c 0 592 0
c 0 593 0
c 0 594 0
c 0 595 0
c 0 596 0
c 0 597 0
c 0 606 2
c 0 607 2
c 0 608 2
c 0 609 2
c 0 610 2
c 0 611 2
c 0 612 2
c 0 613 2
c 0 638 0
c 0 639 0
c 0 640 0
c 0 641 0
c 0 642 0
c 0 643 0
c 0 644 0
c 0 645 0
c 0 652 2
c 0 653 2
c 0 654 2
c 0 655 2
c 0 656 2
c 0 657 2
c 0 658 2
c 0 659 2
c 0 662 0
c 0 663 0
c 0 664 2
c 0 665 2
c 0 666 0
c 0 667 0
c 0 668 0
c 0 669 0
c 0 670 0
c 0 671 0
c 0 672 2
c 0 673 2
c 0 674 2
c 0 675 2
c 0 676 2
c 0 677 2
c 0 678 0
c 0 679 0
c 0 680 0
c 0 681 0
c 0 682 0
c 0 683 0
c 0 684 0
c 0 685 0
c 0 688 2
c 0 689 2
c 0 690 0
c 0 691 0
c 0 704 2
c 0 705 2
c 0 706 2
c 0 707 2
c 0 708 2
c 0 709 2
c 0 710 2
c 0 711 2
c 0 734 0
c 0 735 0
c 0 738 0
c 0 739 0
c 0 740 0
c 0 741 0
c 0 742 0
c 0 743 0
c 0 746 2
c 0 747 2
c 0 750 0
c 0 751 0
c 0 752 2
c 0 753 2
c 0 754 2
c 0 755 2
c 0 756 0
c 0 757 0
c 0 758 0
c 0 759 0
c 0 760 2
c 0 761 2
c 0 762 2
c 0 763 2
c 0 770 0
c 0 771 0
c 0 772 0
c 0 774 0
c 0 786 2
c 0 787 2
c 0 788 0
c 0 789 0
c 0 794 2
c 0 795 2
c 0 798 2
c 0 799 2
c 0 800 2
c 0 801 2
c 0 802 2
c 0 803 2
c 0 814 0
c 0 815 0
c 0 816 2
c 0 817 2
c 0 828 0
c 0 829 0
c 0 830 0
c 0 831 0
c 0 832 0
c 0 833 0
c 0 834 0
c 0 835 0
c 0 844 2
c 0 845 2
c 0 846 0
c 0 847 0
c 0 848 2
c 0 849 2
c 0 852 0
c 0 853 0
c 0 859 2
c 0 864 0
c 0 866 2
c 0 867 2
c 0 868 2
c 0 872 2
c 0 880 2
c 0 881 2
c 0 882 2
c 0 884 2
c 0 888 0
c 0 889 0
c 0 898 2
c 0 899 2
c 0 910 0
c 0 911 0
c 0 912 2
c 0 913 2
c 0 922 0
c 0 923 0
c 0 924 0
c 0 925 0
c 0 926 0
c 0 927 0
c 0 928 0
c 0 929 0
c 0 942 2
c 0 943 2
c 0 944 2
c 0 945 2
c 0 946 2
c 0 947 2
c 0 948 0
c 0 949 0
c 0 950 0
c 0 951 0
c 0 952 0
c 0 953 2
c 0 954 2
c 0 955 2
c 0 956 2
c 0 957 2
c 0 958 2
c 0 959 0
c 0 960 0
c 0 961 0
c 0 973 2
c 0 974 2
c 0 975 2
c 0 981 0
c 0 982 2
c 0 983 2
c 0 988 0
c 0 989 0
c 0 990 0
c 0 991 0
c 0 992 2
c 0 993 2
c 0 994 2
c 0 995 2
c 0 1000 0
c 0 1001 0
c 0 1002 2
c 0 1003 2
c 0 1006 0
c 0 1007 0
c 0 1008 2
c 0 1009 2
c 0 1018 0
c 0 1019 0
c 0 1020 0
c 0 1021 2
c 0 1022 2
c 0 1023 2
c 0 1024 0
c 0 1025 0
c 0 1026 0
c 0 1027 2
c 0 1028 0
c 0 1029 0
c 0 1030 0
c 0 1031 0
c 0 1032 0
c 0 1033 0
c 0 1040 2
c 0 1041 2
c 0 1042 2
c 0 1043 2
c 0 1044 0
c 0 1045 0
c 0 1046 0
c 0 1047 0
c 0 1050 2
c 0 1051 2
c 0 1052 2
c 0 1053 2
c 0 1060 0
c 0 1061 0
c 0 1062 0
c 0 1063 0
c 0 1064 2
c 0 1068 2
c 0 1069 2
c 0 1070 2
c 0 1071 2
c 0 1072 2
c 0 1075 2
c 0 1076 2
c 0 1080 0
c 0 1081 0
c 0 1086 2
c 0 1087 2
c 0 1088 0
c 0 1089 0
c 0 1090 0
c 0 1091 0
c 0 1092 2
c 0 1093 2
c 0 1094 2
c 0 1095 2
c 0 1102 0
c 0 1103 0
c 0 1104 0
c 0 1105 0
c 0 1108 2
c 0 1109 2
c 0 1110 2
c 0 1111 2
c 0 1116 0
c 0 1117 0
c 0 1120 0
c 0 1121 0
c 0 1122 2
c 0 1123 2
c 0 1124 0
c 0 1125 0
c 0 1126 0
c 0 1127 0
c 0 1128 0
c 0 1129 0
c 0 1134 2
c 0 1135 2
c 0 1137 2
c 0 1138 2
c 0 1139 2
c 0 1144 2
c 0 1146 2
c 0 1147 2
c 0 1148 0
c 0 1149 0
c 0 1150 0
c 0 1151 0
c 0 1160 0
c 0 1161 0
c 0 1162 0
c 0 1163 2
c 0 1164 2
c 0 1166 2
c 0 1167 2
c 0 1168 0
c 0 1169 2
c 0 1170 0
c 0 1174 2
c 0 1175 2
c 0 1176 0
c 0 1177 0
c 0 1178 0
c 0 1179 0
c 0 1180 0
c 0 1181 0
c 0 1184 2
c 0 1185 2
c 0 1186 2
c 0 1187 2
c 0 1188 2
c 0 1189 2
c 0 1190 2
c 0 1191 2
c 0 1194 0
c 0 1195 0
c 0 1198 0
c 0 1199 0
c 0 1202 0
c 0 1203 0
c 0 1204 2
c 0 1205 2
c 0 1206 2
c 0 1207 2
c 0 1212 0
c 0 1213 0
c 0 1214 0
c 0 1215 0
c 0 1224 2
c 0 1225 2
c 0 1226 2
c 0 1227 2
c 0 1228 2
c 0 1229 2
c 0 1252 0
c 0 1253 0
c 0 1256 0
c 0 1257 0
c 0 1262 0
c 0 1263 0
c 0 1264 0
c 0 1265 0
c 0 1280 2
c 0 1281 2
c 0 1282 2
c 0 1283 2
c 0 1284 2
c 0 1285 2
c 0 1286 2
c 0 1287 2
c 0 1310 0
c 0 1311 0
c 0 1312 2
c 0 1313 2
c 0 1316 0
c 0 1317 0
c 0 1318 0
c 0 1319 0
c 0 1320 0
c 0 1321 0
c 0 1322 2
c 0 1323 2
c 0 1326 2
c 0 1327 2
c 0 1328 2
c 0 1329 2
c 0 1330 0
c 0 1331 0
c 0 1332 2
c 0 1333 2
c 0 1334 0
c 0 1335 0
c 0 1336 0
c 0 1337 0
c 0 1338 0
c 0 1339 0
c 0 1340 2
c 0 1341 2
c 0 1342 0
c 0 1343 0
c 0 1344 2
c 0 1345 2
c 0 1346 0
c 0 1347 0
c 0 1348 2
c 0 1349 2
c 0 1350 0
c 0 1351 0
c 0 1352 0
c 0 1353 0
c 0 1362 2
c 0 1363 2
c 0 1366 2
c 0 1367 2
c 0 1368 2
c 0 1369 2
c 0 1370 0
c 0 1371 0
c 0 1372 0
c 0 1373 0
c 0 1374 2
c 0 1375 2
c 0 1376 2
c 0 1377 2
c 0 1378 2
c 0 1379 2
c 0 1382 0
c 0 1383 0
c 0 1386 2
c 0 1387 2
c 0 1406 0
c 0 1407 0
c 0 1408 0
c 0 1409 0
c 0 1412 0
c 0 1413 0
c 0 1414 0
c 0 1415 0
c 0 1422 2
c 0 1423 2
c 0 1424 2
c 0 1425 2
c 0 1428 0
c 0 1429 0
c 0 1430 0
c 0 1431 0
c 0 1432 2
c 0 1433 2
c 0 1434 2
c 0 1435 2
c 0 1439 0
c 0 1443 0
c 0 1444 0
c 0 1446 0
c 0 1449 2
c 0 1450 2
c 0 1451 2
c 0 1452 2
c 0 1453 0
c 0 1454 2
c 0 1455 2
c 0 1456 2
c 0 1457 0
c 0 1458 2
c 0 1460 2
c 0 1461 2
c 0 1462 0
c 0 1463 0
c 0 1466 0
c 0 1467 0
c 0 1468 0
c 0 1469 0
c 0 1470 0
c 0 1471 0
c 0 1472 2
c 0 1473 2
c 0 1476 2
c 0 1477 2
c 0 1478 2
c 0 1479 2
c 0 1480 2
c 0 1481 2
c 0 1486 0
c 0 1487 0
c 0 1488 2
c 0 1489 2
c 0 1490 0
c 0 1491 0
c 0 1494 2
c 0 1495 2
c 0 1506 0
c 0 1507 0
c 0 1508 0
c 0 1509 0
c 0 1512 0
c 0 1513 0
c 0 1516 2
c 0 1517 2
c 0 1521 0
c 0 1524 0
c 0 1525 0
c 0 1533 0
c 0 1537 2
c 0 1552 2
c 0 1553 2
c 0 1554 2
c 0 1560 0
c 0 1561 0
c 0 1566 2
c 0 1567 2
c 0 1568 2
c 0 1569 2
c 0 1570 2
c 0 1571 2
c 0 1578 0
c 0 1579 0
c 0 1580 0
c 0 1581 0
c 0 1582 0
c 0 1583 0
c 0 1584 2
c 0 1585 2
c 0 1586 0
c 0 1587 0
c 0 1596 0
c 0 1597 0
c 0 1612 2
c 0 1613 2
c 0 1614 2
c 0 1615 2
c 0 1616 2
c 0 1617 2
c 0 1618 2
c 0 1619 2
c 0 1620 0
c 0 1621 0
c 0 1622 0
c 0 1623 0
c 0 1624 0
c 0 1625 2
c 0 1626 2
c 0 1627 2
c 0 1628 2
c 0 1632 0
c 0 1633 0
c 0 1640 0
c 0 1641 0
c 0 1642 0
c 0 1643 0
c 0 1644 0
c 0 1658 2
c 0 1659 2
c 0 1660 2
c 0 1661 2
c 0 1662 2
c 0 1663 2
c 0 1666 2
c 0 1667 2
c 0 1682 0
c 0 1683 0
c 0 1686 2
c 0 1687 2
c 0 1696 0
c 0 1697 0
c 0 1698 0
c 0 1699 0
c 0 1700 0
c 0 1701 0
c 0 1702 0
c 0 1703 0
c 0 1710 2
c 0 1711 2
c 0 1712 2
c 0 1713 2
c 0 1716 0
c 0 1717 0
c 0 1718 0
c 0 1719 0
c 0 1722 2
c 0 1723 2
c 0 1731 2
c 0 1733 0
c 0 1734 0
c 0 1735 0
c 0 1736 2
c 0 1739 2
c 0 1740 2
c 0 1744 2
c 0 1747 2
c 0 1748 2
c 0 1749 0
c 0 1753 2
c 0 1754 2
c 0 1755 2
c 0 1756 0
c 0 1757 0
c 0 1758 2
c 0 1759 2
c 0 1768 0
c 0 1769 0
c 0 1772 2
c 0 1773 2
c 0 1774 0
c 0 1775 0
c 0 1776 2
c 0 1777 2
c 0 1778 0
c 0 1779 0
c 0 1780 2
c 0 1781 2
c 0 1792 0
c 0 1793 0
c 0 1794 0
c 0 1795 0
c 0 1796 0
c 0 1797 0
c 0 1798 0
c 0 1799 0
c 0 1805 2
c 0 1806 2
c 0 1807 2
c 0 1808 2
c 0 1809 2
c 0 1812 0
c 0 1813 0
c 0 1816 2
c 0 1817 2
c 0 1818 0
c 0 1819 0
c 0 1821 0
c 0 1822 0
c 0 1823 0
c 0 1834 2
c 0 1835 2
c 0 1836 2
c 0 1837 2
c 0 1838 2
c 0 1839 2
c 0 1840 0
c 0 1841 2
c 0 1842 0
c 0 1845 2
c 0 1846 2
c 0 1847 2
c 0 1848 0
c 0 1849 0
c 0 1850 0
c 0 1851 0
c 0 1854 2
c 0 1855 2
c 0 1856 2
c 0 1857 2
c 0 1862 0
c 0 1863 0
c 0 1864 2
c 0 1865 2
c 0 1866 0
c 0 1867 0
c 0 1868 0
c 0 1869 0
c 0 1870 0
c 0 1871 0
c 0 1872 2
c 0 1873 2
c 0 1876 2
c 0 1877 2
c 0 1878 2
c 0 1879 2
c 0 1894 0
c 0 1895 0
c 0 1896 0
c 0 1897 0
c 0 1898 0
c 0 1899 0
c 0 1900 0
c 0 1901 0
c 0 1902 2
c 0 1903 2
c 0 1904 0
c 0 1905 0
c 0 1944 2
c 0 1945 2
c 0 1950 2
c 0 1951 2
c 0 1952 2
c 0 1953 2
c 0 1956 0
c 0 1957 0
c 0 1962 2
c 0 1963 2
c 0 1964 2
c 0 1965 2
c 0 1968 0
c 0 1969 0
c 0 1970 0
c 0 1971 0
c 0 1972 2
c 0 1973 2
c 0 1974 2
c 0 1975 2
c 0 1998 0
c 0 1999 0
c 0 2000 0
c 0 2001 0
c 0 2002 0
c 0 2003 0
c 0 2004 0
c 0 2005 0
c 0 2006 2
c 0 2007 2
c 0 2008 2
c 0 2009 2
c 0 2010 2
c 0 2011 2
c 0 2014 0
c 0 2015 0
c 0 2016 0
c 0 2017 0
c 0 2018 0
c 0 2019 0
c 0 2032 2
c 0 2033 2
c 0 2034 2
c 0 2035 2
c 0 2036 0
c 0 2037 0
c 0 2040 0
c 0 2041 0
c 0 2044 2
c 0 2045 2
c 0 2050 2
c 0 2051 2
c 0 2066 2
c 0 2067 2
c 0 2068 2
c 0 2069 2
c 0 2074 0
c 0 2075 0
c 0 2076 0
c 0 2077 0
c 0 2078 0
c 0 2079 0
c 0 2080 0
c 0 2081 0
c 0 2095 2
c 0 2096 2
c 0 2097 2
c 0 2098 2
c 0 2099 2
c 0 2100 0
c 0 2101 0
c 0 2102 0
c 0 2103 0
c 0 2104 2
c 0 2105 2
c 0 2106 2
c 0 2107 2
c 0 2112 2
c 0 2113 2
c 0 2114 2
c 0 2116 0
c 0 2117 2
c 0 2118 0
c 0 2120 2
c 0 2121 0
c 0 2122 0
c 0 2124 0
c 0 2125 0
c 0 2126 0
c 0 2127 0
c 0 2128 0
c 0 2129 2
c 0 2130 2
c 0 2131 2
c 0 2132 0
c 0 2133 2
c 0 2134 2
c 0 2135 2
c 0 2136 0
c 0 2137 0
c 0 2138 0
c 0 2139 0
c 0 2140 0
c 0 2141 0
c 0 2146 2
c 0 2147 2
c 0 2152 0
c 0 2153 0
c 0 2160 2
c 0 2161 2
c 0 2162 0
c 0 2163 0
c 0 2168 2
c 0 2169 2
c 0 2170 2
c 0 2171 2
c 0 2174 2
c 0 2175 2
c 0 2178 0
c 0 2179 0
c 0 2180 0
c 0 2181 0
c 0 2182 0
c 0 2183 0
c 0 2188 2
c 0 2189 2
c 0 2190 2
c 0 2191 2
c 0 2192 2
c 0 2193 2
c 0 2194 2
c 0 2195 2
c 0 2196 0
c 0 2197 0
c 0 2198 0
c 0 2199 0
c 0 2201 2
c 0 2202 0
c 0 2203 0
c 0 2206 0
c 0 2207 0
c 0 2208 0
c 0 2209 2
c 0 2210 2
c 0 2211 2
c 0 2212 2
c 0 2213 2
c 0 2224 2
c 0 2225 2
c 0 2226 2
c 0 2232 0
c 0 2233 0
c 0 2234 0
c 0 2235 0
c 0 2236 0
c 0 2237 0
c 0 2242 2
c 0 2243 2
c 0 2244 2
c 0 2245 2
c 0 2246 2
c 0 2247 2
c 0 2252 0
c 0 2253 0
c 0 2254 0
c 0 2255 0
c 0 2256 2
c 0 2257 2
c 0 2262 2
c 0 2263 2
c 0 2272 0
c 0 2273 0
c 0 2274 0
c 0 2275 0
c 0 2276 0
c 0 2277 0
c 0 2278 0
c 0 2279 0
c 0 2286 2
c 0 2287 2
c 0 2288 2
c 0 2289 2
c 0 2290 2
c 0 2291 2
c 0 2292 0
c 0 2293 0
c 0 2294 0
c 0 2295 0
c 0 2296 0
c 0 2297 2
c 0 2298 2
c 0 2299 2
c 0 2300 2
c 0 2303 0
c 0 2304 0
c 0 2305 0
c 0 2306 0
c 0 2307 0
c 0 2308 2
c 0 2309 2
c 0 2310 2
c 0 2311 2
c 0 2312 2
c 0 2313 2
c 0 2314 2
c 0 2316 2
c 0 2320 0
c 0 2321 0
c 0 2322 0
c 0 2323 0
c 0 2324 0
c 0 2325 0
c 0 2330 0
c 0 2331 0
c 0 2332 2
c 0 2333 2
c 0 2334 2
c 0 2335 2
c 0 2338 2
c 0 2339 2
c 0 2340 2
c 0 2341 2
c 0 2344 0
c 0 2345 0
c 0 2346 0
c 0 2347 0
c 0 2348 0
c 0 2349 0
c 0 2350 0
c 0 2351 0
c 0 2356 2
c 0 2357 2
c 0 2358 2
c 0 2359 2
c 0 2360 2
c 0 2361 2
c 0 2362 2
c 0 2363 2
c 0 2378 0
c 0 2379 0
c 0 2384 0
c 0 2385 0
c 0 2388 0
c 0 2389 0
c 0 2390 0
c 0 2391 0
c 0 2394 2
c 0 2395 2
c 0 2396 2
c 0 2400 2
c 0 2402 2
c 0 2403 2
c 0 2404 0
c 0 2405 0
c 0 2407 0
c 0 2408 2
c 0 2410 2
c 0 2411 2
c 0 2412 2
c 0 2420 2
c 0 2424 0
c 0 2425 0
c 0 2426 0
c 0 2427 0
c 0 2428 0
c 0 2429 0
c 0 2432 2
c 0 2433 2
c 0 2434 2
c 0 2435 2
c 0 2436 2
c 0 2437 2
c 0 2450 0
c 0 2451 0
c 0 2454 2
c 0 2455 2
c 0 2460 0
c 0 2461 0
c 0 2462 0
c 0 2463 0
c 0 2464 0
c 0 2465 0
c 0 2468 0
c 0 2469 0
c 0 2474 2
c 0 2475 2
c 0 2476 2
c 0 2477 2
c 0 2480 0
c 0 2481 0
c 0 2484 0
c 0 2485 0
c 0 2488 2
c 0 2490 0
c 0 2492 2
c 0 2497 0
c 0 2508 2
c 0 2512 0
c 0 2520 2
c 0 2521 2
c 0 2522 0
c 0 2523 0
c 0 2524 2
c 0 2525 2
c 0 2526 2
c 0 2527 2
c 0 2528 2
c 0 2529 2
c 0 2530 2
c 0 2531 2
c 0 2542 0
c 0 2543 0
c 0 2544 2
c 0 2545 2
c 0 2574 0
c 0 2575 0
c 0 2576 0
c 0 2577 0
c 0 2578 0
c 0 2579 0
c 0 2582 0
c 0 2583 0
c 0 2584 2
c 0 2585 2
c 0 2586 2
c 0 2587 2
c 0 2588 2
c 0 2589 2
c 0 2590 2
c 0 2591 2
c 0 2592 0
c 0 2593 0
c 0 2594 0
c 0 2595 0
c 0 2596 0
c 0 2597 0
c 0 2598 0
c 0 2599 0
c 0 2600 2
c 0 2601 2
c 0 2602 0
c 0 2603 0
c 0 2606 2
c 0 2607 2
c 0 2608 2
c 0 2609 2
c 0 2610 2
c 0 2611 2
c 0 2612 0
c 0 2613 0
c 0 2614 2
c 0 2615 2
c 0 2616 2
c 0 2617 2
c 0 2618 0
c 0 2619 0
c 0 2620 0
c 0 2621 0
c 0 2622 2
c 0 2623 2
c 0 2624 2
c 0 2625 2
c 0 2628 0
c 0 2629 0
c 0 2630 2
c 0 2631 2
c 0 2632 0
c 0 2633 0
c 0 2636 2
c 0 2637 2
c 0 2638 0
c 0 2639 0
c 0 2644 2
c 0 2645 2
c 0 2646 0
c 0 2647 0
c 0 2648 2
c 0 2649 2
c 0 2660 0
c 0 2661 0
c 0 2662 0
c 0 2663 0
c 0 2664 0
c 0 2665 2
c 0 2666 0
c 0 2667 0
c 0 2668 0
c 0 2669 0
c 0 2670 2
c 0 2671 2
c 0 2672 2
c 0 2673 2
c 0 2674 2
c 0 2675 2
c 0 2676 2
c 0 2677 2
c 0 2678 0
c 0 2679 0
c 0 2680 0
c 0 2681 0
c 0 2682 2
c 0 2683 2
c 0 2684 2
c 0 2685 2
c 0 2686 0
c 0 2687 2
c 0 2688 0
c 0 2689 2
c 0 2690 0
c 0 2691 0
c 0 2692 0
c 0 2693 0
c 0 2694 2
c 0 2695 2
c 0 2696 2
c 0 2697 2
c 0 2698 0
c 0 2699 0
c 0 2700 0
c 0 2701 0
c 0 2702 0
c 0 2703 0
c 0 2704 0
c 0 2705 0
c 0 2706 2
c 0 2707 0
c 0 2708 2
c 0 2709 0
c 0 2720 2
c 0 2721 2
c 0 2722 2
c 0 2723 2
c 0 2724 2
c 0 2725 2
c 0 2726 2
c 0 2727 2
c 0 2734 0
c 0 2735 0
c 0 2736 0
c 0 2737 0
c 0 2738 0
c 0 2739 0
c 0 2742 2
c 0 2743 2
c 0 2744 2
c 0 2745 2
c 0 2746 2
c 0 2747 2
c 0 2750 0
c 0 2751 0
c 0 2752 0
c 0 2753 0
c 0 2754 0
c 0 2755 0
c 0 2758 0
c 0 2759 0
c 0 2766 2
c 0 2767 2
c 0 2774 0
c 0 2775 0
c 0 2776 2
c 0 2777 2
c 0 2778 2
c 0 2779 2
c 0 2780 2
c 0 2787 0
c 0 2788 0
c 0 2790 0
c 0 2793 2
c 0 2794 2
c 0 2795 2
c 0 2799 0
c 0 2802 0
c 0 2803 0
c 0 2804 0
c 0 2805 0
c 0 2818 2
c 0 2819 2
c 0 2820 2
c 0 2821 2
c 0 2822 2
c 0 2823 2
c 0 2824 2
c 0 2825 2
c 0 2828 0
c 0 2829 0
c 0 2832 2
c 0 2833 2
c 0 2844 0
c 0 2845 0
c 0 2846 0
c 0 2847 0
c 0 2850 0
c 0 2851 0
c 0 2858 2
c 0 2859 2
c 0 2860 2
c 0 2861 2
c 0 2862 2
c 0 2863 2
c 0 2864 0
c 0 2865 0
c 0 2866 0
c 0 2867 0
c 0 2868 2
c 0 2869 2
c 0 2870 2
c 0 2871 2
c 0 2874 0
c 0 2875 0
c 0 2876 2
c 0 2877 2
c 1 0 2
c 1 1 2
c 1 2 2
c 1 3 2
c 1 4 2
c 1 5 2
c 1 6 0
c 1 7 0
c 1 8 0
c 1 9 0
c 1 10 0
c 1 11 0
c 1 30 2
c 1 31 2
c 1 32 2
c 1 33 2
c 1 34 2
c 1 35 2
c 1 36 2
c 1 37 2
c 1 38 2
c 1 39 2
c 1 42 2
c 1 43 2
c 1 88 2
c 1 99 0
c 1 100 0
c 1 101 0
c 1 102 0
c 1 106 0
c 1 107 0
c 1 108 0
c 1 109 0
c 1 118 2
c 1 119 2
c 1 122 2
c 1 123 2
c 1 124 2
c 1 125 2
c 1 126 2
c 1 127 2
c 1 128 2
c 1 129 2
c 1 130 2
c 1 131 2
c 1 132 2
c 1 133 2
c 1 134 2
c 1 160 0
c 1 161 0
c 1 162 0
c 1 163 0
c 1 164 0
c 1 165 0
c 1 166 0
c 1 167 0
c 1 168 0
c 1 169 0
c 1 170 0
c 1 171 0
c 1 176 0
c 1 177 0
c 1 178 0
c 1 179 0
c 1 180 0
c 1 181 0
c 1 182 0
c 1 183 0
c 1 186 2
c 1 187 2
c 1 189 2
c 1 190 2
c 1 191 2
c 1 193 2
c 1 194 2
c 1 195 2
c 1 196 2
c 1 197 2
c 1 200 2
c 1 202 2
c 1 207 2
c 1 208 2
c 1 212 2
c 1 214 2
c 1 215 2
c 1 217 2
c 1 220 2
c 1 221 2
c 1 222 2
c 1 223 2
c 1 224 2
c 1 225 2
c 1 226 2
c 1 227 2
c 1 228 2
c 1 229 2
c 1 234 0
c 1 235 0
c 1 238 0
c 1 239 0
c 1 242 0
c 1 243 0
c 1 248 0
c 1 249 0
c 1 250 0
c 1 251 0
c 1 252 0
c 1 253 0
c 1 254 0
c 1 255 0
c 1 256 0
c 1 257 0
c 1 258 0
c 1 259 0
c 1 260 0
c 1 261 0
c 1 268 2
c 1 269 2
c 1 281 2
c 1 282 2
c 1 283 2
c 1 284 2
c 1 285 2
c 1 286 2
c 1 292 2
c 1 302 2
c 1 303 2
c 1 306 2
c 1 311 0
c 1 318 2
c 1 319 2
c 1 320 2
c 1 321 2
c 1 322 2
c 1 323 2
c 1 328 2
c 1 329 2
c 1 331 2
c 1 338 0
c 1 339 0
c 1 342 0
c 1 343 0
c 1 344 0
c 1 345 0
c 1 346 0
c 1 347 0
c 1 348 0
c 1 349 0
c 1 350 0
c 1 351 0
c 1 352 0
c 1 353 0
c 1 354 0
c 1 355 0
c 1 356 0
c 1 357 0
c 1 358 0
c 1 359 0
c 1 360 0
c 1 361 0
c 1 362 0
c 1 363 0
c 1 366 0
c 1 367 0
c 1 374 0
c 1 375 0
c 1 380 2
c 1 381 2
c 1 382 2
c 1 383 2
c 1 384 2
c 1 402 2
c 1 403 2
c 1 406 0
c 1 408 0
c 1 409 0
c 1 412 0
c 1 413 0
c 1 414 2
c 1 415 2
c 1 416 2
c 1 417 2
c 1 418 2
c 1 419 2
c 1 420 2
c 1 421 2
c 1 424 2
c 1 425 2
c 1 464 2
c 1 465 2
c 1 466 2
c 1 467 2
c 1 478 2
c 1 479 2
c 1 482 2
c 1 483 2
c 1 491 2
c 1 492 2
c 1 494 2
c 1 495 2
c 1 497 2
c 1 501 2
c 1 502 2
c 1 503 2
c 1 504 0
c 1 505 0
c 1 506 0
c 1 507 0
c 1 508 0
c 1 509 0
c 1 512 2
c 1 513 2
c 1 514 2
c 1 515 2
c 1 516 2
c 1 517 2
c 1 558 0
c 1 559 0
c 1 560 0
c 1 561 0
c 1 562 0
c 1 563 0
c 1 566 0
c 1 567 0
c 1 568 0
c 1 569 0
c 1 570 0
c 1 571 0
c 1 572 0
c 1 573 0
c 1 574 0
c 1 575 0
c 1 584 0
c 1 585 0
c 1 586 0
c 1 587 0
c 1 590 0
c 1 591 0
c 1 592 0
c 1 593 0
c 1 594 0
c 1 595 0
c 1 596 0
c 1 597 0
c 1 606 2
c 1 607 2
c 1 608 2
c 1 609 2
c 1 610 2
c 1 611 2
c 1 612 2
c 1 613 2
c 1 614 2
c 1 615 2
c 1 616 2
c 1 617 2
c 1 618 2
c 1 619 2
c 1 620 2
c 1 621 2
c 1 622 2
c 1 623 2
c 1 624 2
c 1 625 2
c 1 628 2
c 1 629 2
c 1 630 2
c 1 631 2
c 1 632 2
c 1 633 2
c 1 634 2
c 1 635 2
c 1 638 0
c 1 639 0
c 1 640 0
c 1 641 0
c 1 642 0
c 1 643 0
c 1 644 0
c 1 645 0
c 1 646 0
c 1 647 0
c 1 650 2
c 1 651 2
c 1 652 2
c 1 653 2
c 1 654 2
c 1 655 2
c 1 656 2
c 1 657 2
c 1 658 2
c 1 659 2
c 1 662 0
c 1 663 0
c 1 664 0
c 1 665 0
c 1 666 0
c 1 667 0
c 1 668 0
c 1 669 0
c 1 670 0
c 1 671 0
c 1 672 0
c 1 673 0
c 1 676 0
c 1 677 0
c 1 678 0
c 1 679 0
c 1 680 0
c 1 681 0
c 1 682 0
c 1 683 0
c 1 684 0
c 1 685 0
c 1 686 0
c 1 687 0
c 1 690 0
c 1 691 0
c 1 692 0
c 1 693 0
c 1 702 2
c 1 703 2
c 1 704 2
c 1 705 2
c 1 706 2
c 1 707 2
c 1 708 2
c 1 709 2
c 1 710 2
c 1 711 2
c 1 712 2
c 1 713 2
c 1 734 0
c 1 735 0
c 1 738 0
c 1 739 0
c 1 740 0
c 1 741 0
c 1 742 0
c 1 743 0
c 1 744 0
c 1 745 0
c 1 750 0
c 1 751 0
c 1 760 2
c 1 764 2
c 1 770 2
c 1 777 2
c 1 778 2
c 1 779 2
c 1 782 2
c 1 783 2
c 1 785 2
c 1 787 2
c 1 792 2
c 1 793 2
c 1 794 2
c 1 795 2
c 1 796 2
c 1 797 2
c 1 798 2
c 1 799 2
c 1 800 2
c 1 801 2
c 1 802 2
c 1 803 2
c 1 806 2
c 1 807 2
c 1 826 0
c 1 827 0
c 1 828 0
c 1 829 0
c 1 830 0
c 1 831 0
c 1 832 0
c 1 833 0
c 1 834 0
c 1 835 0
c 1 836 0
c 1 837 0
c 1 838 0
c 1 839 0
c 1 840 0
c 1 841 0
c 1 842 0
c 1 843 0
c 1 844 0
c 1 845 0
c 1 846 0
c 1 847 0
c 1 848 2
c 1 849 2
c 1 850 0
c 1 851 0
c 1 852 0
c 1 853 0
c 1 862 2
c 1 863 2
c 1 864 0
c 1 865 2
c 1 869 2
c 1 870 2
c 1 871 2
c 1 873 2
c 1 874 2
c 1 875 2
c 1 876 2
c 1 877 2
c 1 878 2
c 1 879 2
c 1 880 2
c 1 881 2
c 1 882 2
c 1 883 2
c 1 885 2
c 1 886 2
c 1 887 2
c 1 890 2
c 1 891 2
c 1 893 2
c 1 894 2
c 1 895 2
c 1 896 2
c 1 897 2
c 1 898 2
c 1 899 2
c 1 920 0
c 1 921 0
c 1 922 0
c 1 923 0
c 1 924 0
c 1 925 0
c 1 926 0
c 1 927 0
c 1 928 0
c 1 929 0
c 1 930 0
c 1 931 0
c 1 932 0
c 1 933 0
c 1 934 0
c 1 935 0
c 1 946 2
c 1 947 2
c 1 953 2
c 1 954 2
c 1 955 2
c 1 956 2
c 1 960 2
c 1 963 2
c 1 964 2
c 1 966 2
c 1 967 2
c 1 968 2
c 1 970 2
c 1 973 2
c 1 974 2
c 1 975 2
c 1 1018 0
c 1 1019 0
c 1 1020 0
c 1 1021 0
c 1 1022 0
c 1 1023 0
c 1 1024 0
c 1 1025 0
c 1 1026 0
c 1 1027 0
c 1 1028 0
c 1 1029 0
c 1 1030 0
c 1 1031 0
c 1 1032 0
c 1 1033 0
c 1 1034 0
c 1 1035 0
c 1 1036 0
c 1 1037 0
c 1 1046 0
c 1 1047 0
c 1 1050 2
c 1 1051 2
c 1 1054 2
c 1 1055 2
c 1 1056 2
c 1 1058 2
c 1 1059 2
c 1 1060 2
c 1 1065 2
c 1 1066 2
c 1 1067 2
c 1 1068 2
c 1 1073 2
c 1 1074 2
c 1 1086 2
c 1 1087 2
c 1 1090 0
c 1 1091 0
c 1 1102 0
c 1 1103 0
c 1 1104 0
c 1 1105 0
c 1 1114 0
c 1 1115 0
c 1 1116 0
c 1 1117 0
c 1 1118 0
c 1 1119 0
c 1 1120 0
c 1 1121 0
c 1 1122 0
c 1 1123 0
c 1 1124 0
c 1 1125 0
c 1 1126 0
c 1 1127 0
c 1 1128 0
c 1 1129 0
c 1 1138 2
c 1 1139 2
c 1 1145 2
c 1 1146 2
c 1 1147 2
c 1 1154 2
c 1 1155 2
c 1 1156 2
c 1 1157 2
c 1 1158 2
c 1 1159 2
c 1 1160 2
c 1 1161 2
c 1 1162 2
c 1 1165 2
c 1 1168 2
c 1 1170 2
c 1 1173 2
c 1 1176 0
c 1 1177 0
c 1 1180 0
c 1 1181 0
c 1 1184 2
c 1 1185 2
c 1 1186 2
c 1 1187 2
c 1 1188 2
c 1 1189 2
c 1 1190 2
c 1 1191 2
c 1 1206 2
c 1 1207 2
c 1 1224 2
c 1 1225 2
c 1 1228 2
c 1 1229 2
c 1 1250 0
c 1 1251 0
c 1 1252 0
c 1 1253 0
c 1 1254 0
c 1 1255 0
c 1 1256 0
c 1 1257 0
c 1 1260 0
c 1 1261 0
c 1 1262 0
c 1 1263 0
c 1 1264 0
c 1 1265 0
c 1 1266 0
c 1 1267 0
c 1 1276 2
c 1 1277 2
c 1 1278 2
c 1 1279 2
c 1 1280 2
c 1 1281 2
c 1 1282 2
c 1 1283 2
c 1 1284 2
c 1 1285 2
c 1 1286 2
c 1 1287 2
c 1 1288 2
c 1 1289 2
c 1 1290 2
c 1 1291 2
c 1 1310 0
c 1 1311 0
c 1 1314 0
c 1 1315 0
c 1 1316 0
c 1 1317 0
c 1 1318 0
c 1 1319 0
c 1 1320 0
c 1 1321 0
c 1 1324 0
c 1 1325 0
c 1 1328 0
c 1 1329 0
c 1 1330 0
c 1 1331 0
c 1 1334 0
c 1 1335 0
c 1 1336 0
c 1 1337 0
c 1 1338 0
c 1 1339 0
c 1 1342 0
c 1 1343 0
c 1 1344 2
c 1 1345 2
c 1 1346 0
c 1 1347 0
c 1 1350 0
c 1 1351 0
c 1 1352 0
c 1 1353 0
c 1 1362 2
c 1 1363 2
c 1 1364 2
c 1 1365 2
c 1 1366 2
c 1 1367 2
c 1 1368 2
c 1 1369 2
c 1 1374 2
c 1 1375 2
c 1 1376 2
c 1 1377 2
c 1 1378 2
c 1 1379 2
c 1 1386 2
c 1 1387 2
c 1 1404 0
c 1 1405 0
c 1 1406 0
c 1 1407 0
c 1 1408 0
c 1 1409 0
c 1 1410 0
c 1 1411 0
c 1 1412 0
c 1 1413 0
c 1 1414 0
c 1 1415 0
c 1 1416 0
c 1 1417 0
c 1 1418 0
c 1 1419 0
c 1 1424 2
c 1 1425 2
c 1 1428 0
c 1 1429 0
c 1 1432 2
c 1 1436 2
c 1 1439 2
c 1 1440 2
c 1 1441 2
c 1 1442 2
c 1 1443 0
c 1 1446 0
c 1 1449 2
c 1 1450 2
c 1 1451 2
c 1 1452 0
c 1 1453 2
c 1 1454 2
c 1 1455 2
c 1 1456 2
c 1 1457 0
c 1 1458 2
c 1 1460 2
c 1 1461 2
c 1 1462 0
c 1 1463 0
c 1 1466 0
c 1 1467 0
c 1 1468 0
c 1 1469 0
c 1 1470 0
c 1 1471 0
c 1 1476 2
c 1 1477 2
c 1 1478 2
c 1 1479 2
c 1 1486 0
c 1 1487 0
c 1 1490 0
c 1 1491 0
c 1 1508 0
c 1 1509 0
c 1 1524 0
c 1 1525 0
c 1 1538 2
c 1 1539 2
c 1 1540 2
c 1 1544 2
c 1 1559 2
c 1 1566 2
c 1 1567 2
c 1 1568 2
c 1 1569 2
c 1 1570 2
c 1 1571 2
c 1 1578 0
c 1 1579 0
c 1 1582 0
c 1 1583 0
c 1 1584 2
c 1 1585 2
c 1 1616 2
c 1 1617 2
c 1 1621 0
c 1 1631 0
c 1 1652 2
c 1 1653 2
c 1 1656 2
c 1 1657 2
c 1 1658 2
c 1 1659 2
c 1 1660 2
c 1 1661 2
c 1 1662 2
c 1 1663 2
c 1 1664 2
c 1 1665 2
c 1 1666 2
c 1 1667 2
c 1 1686 2
c 1 1687 2
c 1 1692 0
c 1 1693 0
c 1 1694 0
c 1 1695 0
c 1 1696 0
c 1 1697 0
c 1 1698 0
c 1 1699 0
c 1 1700 0
c 1 1701 0
c 1 1702 0
c 1 1703 0
c 1 1704 0
c 1 1705 0
c 1 1706 0
c 1 1707 0
c 1 1708 0
c 1 1709 0
c 1 1714 0
c 1 1715 0
c 1 1716 0
c 1 1717 0
c 1 1718 0
c 1 1719 0
c 1 1724 2
c 1 1725 2
c 1 1726 2
c 1 1727 2
c 1 1728 2
c 1 1730 2
c 1 1737 2
c 1 1738 2
c 1 1740 2
c 1 1741 2
c 1 1742 2
c 1 1743 2
c 1 1745 2
c 1 1746 2
c 1 1747 2
c 1 1748 2
c 1 1749 2
c 1 1752 2
c 1 1753 2
c 1 1754 2
c 1 1755 2
c 1 1758 2
c 1 1759 2
c 1 1764 2
c 1 1765 2
c 1 1780 2
c 1 1781 2
c 1 1794 0
c 1 1795 0
c 1 1796 0
c 1 1797 0
c 1 1812 0
c 1 1813 0
c 1 1818 0
c 1 1819 0
c 1 1825 0
c 1 1828 2
c 1 1831 2
c 1 1834 2
c 1 1835 2
c 1 1836 2
c 1 1838 2
c 1 1839 2
c 1 1840 2
c 1 1842 2
c 1 1848 0
c 1 1849 0
c 1 1850 0
c 1 1851 0
c 1 1854 2
c 1 1855 2
c 1 1866 0
c 1 1867 0
c 1 1872 2
c 1 1873 2
c 1 1892 0
c 1 1893 0
c 1 1894 0
c 1 1895 0
c 1 1896 0
c 1 1897 0
c 1 1898 0
c 1 1899 0
c 1 1900 0
c 1 1901 0
c 1 1902 0
c 1 1903 0
c 1 1904 0
c 1 1905 0
c 1 1906 0
c 1 1907 0
c 1 1944 2
c 1 1945 2
c 1 1950 2
c 1 1951 2
c 1 1952 2
c 1 1953 2
c 1 1954 2
c 1 1955 2
c 1 1958 2
c 1 1959 2
c 1 1962 2
c 1 1963 2
c 1 1964 2
c 1 1965 2
c 1 1972 2
c 1 1973 2
c 1 1974 2
c 1 1975 2
c 1 1998 0
c 1 1999 0
c 1 2000 0
c 1 2001 0
c 1 2002 0
c 1 2003 0
c 1 2004 0
c 1 2005 0
c 1 2006 0
c 1 2007 0
c 1 2010 0
c 1 2011 0
c 1 2012 0
c 1 2013 0
c 1 2014 0
c 1 2015 0
c 1 2016 0
c 1 2017 0
c 1 2018 0
c 1 2019 0
c 1 2020 0
c 1 2021 0
c 1 2022 0
c 1 2023 0
c 1 2024 0
c 1 2025 0
c 1 2026 0
c 1 2027 0
c 1 2044 2
c 1 2045 2
c 1 2048 2
c 1 2049 2
c 1 2050 2
c 1 2051 2
c 1 2052 2
c 1 2053 2
c 1 2054 2
c 1 2055 2
c 1 2056 2
c 1 2060 2
c 1 2061 2
c 1 2066 2
c 1 2067 2
c 1 2068 2
c 1 2069 2
c 1 2070 2
c 1 2071 2
c 1 2074 0
c 1 2075 0
c 1 2076 0
c 1 2077 0
c 1 2078 0
c 1 2079 0
c 1 2080 0
c 1 2081 0
c 1 2082 0
c 1 2083 0
c 1 2084 0
c 1 2085 0
c 1 2086 0
c 1 2087 0
c 1 2094 2
c 1 2095 2
c 1 2096 2
c 1 2097 2
c 1 2098 2
c 1 2099 2
c 1 2100 0
c 1 2101 0
c 1 2104 2
c 1 2105 2
c 1 2106 2
c 1 2107 2
c 1 2108 2
c 1 2109 2
c 1 2110 2
c 1 2112 2
c 1 2113 2
c 1 2114 2
c 1 2115 0
c 1 2119 2
c 1 2121 0
c 1 2122 0
c 1 2123 0
c 1 2124 0
c 1 2125 0
c 1 2126 0
c 1 2127 0
c 1 2128 0
c 1 2129 0
c 1 2130 0
c 1 2131 0
c 1 2132 0
c 1 2133 2
c 1 2134 2
c 1 2135 2
c 1 2136 0
c 1 2137 0
c 1 2138 0
c 1 2139 0
c 1 2140 0
c 1 2141 0
c 1 2142 0
c 1 2143 0
c 1 2152 0
c 1 2153 0
c 1 2188 2
c 1 2189 2
c 1 2190 2
c 1 2191 2
c 1 2192 2
c 1 2193 2
c 1 2198 0
c 1 2202 0
c 1 2203 0
c 1 2206 0
c 1 2207 0
c 1 2208 0
c 1 2211 2
c 1 2212 2
c 1 2214 2
c 1 2215 2
c 1 2216 2
c 1 2217 2
c 1 2218 2
c 1 2219 2
c 1 2220 2
c 1 2221 2
c 1 2222 2
c 1 2223 2
c 1 2224 2
c 1 2228 2
c 1 2230 2
c 1 2231 2
c 1 2232 0
c 1 2233 0
c 1 2242 2
c 1 2243 2
c 1 2244 2
c 1 2245 2
c 1 2254 0
c 1 2255 0
c 1 2272 0
c 1 2273 0
c 1 2276 0
c 1 2277 0
c 1 2278 0
c 1 2279 0
c 1 2292 0
c 1 2293 0
c 1 2294 0
c 1 2295 0
c 1 2296 0
c 1 2303 0
c 1 2304 0
c 1 2305 0
c 1 2308 2
c 1 2310 2
c 1 2311 2
c 1 2312 2
c 1 2314 2
c 1 2315 2
c 1 2332 2
c 1 2333 2
c 1 2338 2
c 1 2339 2
c 1 2340 2
c 1 2341 2
c 1 2350 0
c 1 2351 0
c 1 2356 2
c 1 2357 2
c 1 2358 2
c 1 2359 2
c 1 2388 0
c 1 2389 0
c 1 2390 0
c 1 2391 0
c 1 2397 2
c 1 2398 2
c 1 2399 2
c 1 2404 2
c 1 2409 2
c 1 2413 2
c 1 2414 2
c 1 2415 2
c 1 2416 2
c 1 2417 2
c 1 2418 2
c 1 2419 2
c 1 2426 0
c 1 2427 0
c 1 2432 2
c 1 2433 2
c 1 2434 2
c 1 2435 2
c 1 2436 2
c 1 2437 2
c 1 2450 0
c 1 2451 0
c 1 2458 0
c 1 2459 0
c 1 2460 0
c 1 2461 0
c 1 2462 0
c 1 2463 0
c 1 2464 0
c 1 2465 0
c 1 2466 0
c 1 2467 0
c 1 2468 0
c 1 2469 0
c 1 2470 0
c 1 2471 0
c 1 2472 0
c 1 2473 0
c 1 2478 0
c 1 2480 0
c 1 2481 0
c 1 2482 0
c 1 2483 0
c 1 2484 0
c 1 2485 0
c 1 2491 0
c 1 2505 0
c 1 2506 0
c 1 2507 2
c 1 2509 2
c 1 2510 2
c 1 2511 2
c 1 2513 2
c 1 2517 2
c 1 2518 2
c 1 2519 2
c 1 2520 2
c 1 2521 2
c 1 2524 2
c 1 2525 2
c 1 2526 2
c 1 2527 2
c 1 2528 2
c 1 2529 2
c 1 2530 2
c 1 2531 2
c 1 2532 2
c 1 2533 2
c 1 2534 2
c 1 2535 2
c 1 2536 2
c 1 2537 2
c 1 2538 2
c 1 2539 2
c 1 2544 2
c 1 2545 2
c 1 2574 0
c 1 2575 0
c 1 2576 0
c 1 2577 0
c 1 2578 0
c 1 2579 0
c 1 2582 0
c 1 2583 0
c 1 2592 0
c 1 2593 0
c 1 2594 0
c 1 2595 0
c 1 2602 0
c 1 2603 0
c 1 2606 2
c 1 2607 2
c 1 2608 2
c 1 2609 2
c 1 2610 2
c 1 2611 2
c 1 2612 0
c 1 2613 0
c 1 2614 2
c 1 2615 2
c 1 2616 2
c 1 2617 2
c 1 2622 2
c 1 2623 2
c 1 2624 2
c 1 2625 2
c 1 2626 2
c 1 2627 2
c 1 2628 0
c 1 2629 0
c 1 2630 2
c 1 2631 2
c 1 2632 0
c 1 2633 0
c 1 2636 2
c 1 2637 2
c 1 2660 0
c 1 2661 0
c 1 2662 0
c 1 2663 0
c 1 2664 0
c 1 2665 2
c 1 2666 0
c 1 2667 0
c 1 2668 0
c 1 2669 0
c 1 2670 2
c 1 2671 2
c 1 2672 2
c 1 2673 2
c 1 2674 2
c 1 2675 2
c 1 2676 2
c 1 2677 2
c 1 2678 0
c 1 2679 0
c 1 2680 0
c 1 2681 0
c 1 2682 0
c 1 2683 0
c 1 2684 2
c 1 2685 0
c 1 2686 0
c 1 2687 0
c 1 2688 0
c 1 2689 0
c 1 2690 0
c 1 2691 0
c 1 2692 0
c 1 2693 0
c 1 2694 0
c 1 2695 0
c 1 2696 0
c 1 2697 0
c 1 2698 0
c 1 2699 0
c 1 2700 0
c 1 2701 0
c 1 2702 0
c 1 2703 0
c 1 2704 0
c 1 2705 0
c 1 2706 0
c 1 2707 0
c 1 2708 2
c 1 2709 0
c 1 2720 2
c 1 2721 2
c 1 2722 2
c 1 2723 2
c 1 2724 2
c 1 2725 2
c 1 2726 2
c 1 2727 2
c 1 2728 2
c 1 2729 2
c 1 2746 2
c 1 2747 2
c 1 2776 2
c 1 2812 2
c 1 2813 2
c 1 2816 2
c 1 2817 2
c 1 2818 2
c 1 2819 2
c 1 2820 2
c 1 2821 2
c 1 2822 2
c 1 2823 2
c 1 2824 2
c 1 2825 2
c 1 2831 2
c 1 2832 2
c 1 2833 2
c 1 2850 0
c 1 2851 0
c 1 2860 2
c 1 2861 2
c 1 2866 0
c 1 2874 0
c 1 2876 2
c 1 2877 2
