ppoi 6 6 2 50 20
b 0 1 0
b 1 2 0
b 3 2 1
b 4 1 3
b 5 0 1
b 6 4 1
s 0 0
s 1 1
s 2 3
s 3 4
s 4 5
s 5 6
c 0 1 150 75 0.85
c 1 3 420 60 0.60
r 0 3 S 170 5 0
r 1 1 S 191 8 7 0 7 14 19 27 35 43
r 2 3 S 162 9 3 5 9 46
r 3 1 S 128 3 0
r 4 2 S 147 5 0
r 5 1 S 144 5 2 21 22
r 6 1 S 195 7 2 24 49
r 7 1 S 181 5 0
r 8 3 S 217 7 0
r 9 3 S 197 8 3 0 7 19
r 10 2 S 182 6 5 7 9 29 35 43
r 11 2 S 185 4 1 21
r 12 2 S 183 7 0
r 13 2 L 159 5 2 19 27
r 14 3 S 177 6 0
r 15 3 S 204 5 6 0 3 7 14 22 26
r 16 2 L 110 8 1 8
r 17 3 S 189 6 3 19 27 35
r 18 2 L 203 5 0
r 19 2 L 161 4 0
r 20 3 L 206 3 9 1 4 7 8 26 35 43 46 49
r 21 1 S 215 7 3 26 27 43
r 22 3 S 173 7 3 3 7 26
r 23 1 S 145 6 5 21 33 40 41 49
r 24 1 S 199 7 4 3 26 27 43
r 25 3 S 114 9 6 0 1 13 14 22 27
r 26 2 S 212 4 0
r 27 1 S 212 7 0
r 28 3 S 131 8 4 0 8 24 43
r 29 1 L 180 9 2 26 43
r 30 3 S 136 9 2 24 40
r 31 3 S 170 8 5 4 21 43 45 49
r 32 1 S 216 4 1 43
r 33 1 S 179 9 0
r 34 1 S 199 9 1 0
r 35 1 L 156 6 0
r 36 2 L 156 3 1 1
r 37 3 S 110 2 0
r 38 1 S 128 6 4 0 21 32 39
r 39 1 S 113 8 7 1 7 9 21 22 24 35
r 40 2 L 132 7 0
r 41 3 S 204 4 4 17 25 40 43
r 42 1 S 186 3 2 24 44
r 43 2 S 168 3 0
r 44 3 L 168 6 1 46
r 45 1 L 116 3 2 20 35
r 46 1 S 196 9 3 0 7 19
r 47 1 S 129 4 0
r 48 2 S 182 2 6 3 24 29 34 40 46
r 49 2 S 203 6 4 0 14 19 26
a 0 3 S 165 3 62 63 0
a 1 3 S 182 5 100 106 1 0
a 2 3 S 132 3 30 33 15 0 1 3 4 5 6 7 8 10 11 12 13 14 16 18
a 3 3 L 111 8 112 102 3 0 5 8
a 4 2 L 141 8 68 88 2 0 5
a 5 2 S 150 7 90 97 1 0
a 6 3 S 188 6 94 149 2 0 5
a 7 1 S 207 8 62 78 1 11
a 8 2 L 111 3 22 30 0
a 9 3 L 125 4 58 83 14 0 1 2 3 5 6 8 10 11 12 13 16 17 18
a 10 3 S 138 3 59 70 4 6 7 13 14
a 11 1 L 207 5 40 60 0
a 12 3 L 171 7 150 159 0
a 13 3 S 181 4 108 104 4 0 4 5 6
a 14 2 L 179 4 69 83 8 0 3 4 5 6 8 13 18
a 15 3 S 128 4 50 81 3 0 3 8
a 16 1 L 152 4 17 29 5 0 4 5 6 14
a 17 1 S 124 3 19 19 3 10 11 12
a 18 3 S 163 9 196 161 3 0 5 13
a 19 2 L 197 6 85 139 6 2 4 7 11 12 18
