ppoi 6 6 2 50 20
b 0 0 1
b 1 1 0
b 3 0 1
b 4 0 2
b 5 1 0
b 6 8 2
s 0 0
s 1 1
s 2 3
s 3 4
s 4 5
s 5 6
c 0 1 150 75 0.85
c 1 3 420 60 0.60
r 0 1 S 143 8 9 5 8 16 17 24 32 41 45 49
r 1 3 S 167 4 2 13 37
r 2 1 S 199 9 1 1
r 3 3 L 142 4 0
r 4 2 S 151 5 8 1 8 11 12 32 38 42 49
r 5 2 L 139 4 4 11 15 37 43
r 6 1 L 201 8 0
r 7 3 L 193 4 0
r 8 2 S 167 6 4 11 26 32 36
r 9 1 S 155 8 1 30
r 10 1 S 200 6 0
r 11 2 S 216 6 0
r 12 1 S 178 3 0
r 13 3 S 184 7 0
r 14 3 S 111 8 1 13
r 15 1 S 186 8 4 7 20 36 43
r 16 3 S 175 3 4 6 7 12 20
r 17 1 S 144 2 0
r 18 3 S 171 6 6 20 30 32 33 40 44
r 19 3 S 182 2 3 8 17 20
r 20 1 L 203 9 0
r 21 1 L 136 7 0
r 22 1 L 175 4 0
r 23 3 L 169 6 1 41
r 24 1 S 152 4 11 3 6 7 11 12 17 20 26 32 36 43
r 25 3 S 161 6 1 24
r 26 2 L 112 4 0
r 27 3 S 153 4 9 0 3 13 14 37 42 44 47 49
r 28 1 S 217 9 2 6 41
r 29 1 S 126 9 1 1
r 30 2 L 181 5 1 6
r 31 1 L 116 7 0
r 32 2 S 112 7 0
r 33 3 S 218 2 6 3 16 37 41 42 49
r 34 2 S 150 2 8 3 9 13 14 21 40 44 45
r 35 2 S 117 2 9 1 9 12 15 20 37 38 41 45
r 36 2 S 152 5 0
r 37 2 S 143 5 0
r 38 3 S 158 9 0
r 39 2 L 171 2 4 6 24 26 49
r 40 3 S 115 5 2 24 37
r 41 2 S 151 9 5 3 7 12 20 36
r 42 2 S 205 5 0
r 43 1 S 185 7 0
r 44 3 S 182 3 10 3 7 12 13 15 24 26 42 43 49
r 45 1 L 165 8 1 20
r 46 2 S 111 2 1 9
r 47 3 S 214 6 3 8 32 36
r 48 3 S 204 5 0
r 49 1 S 146 3 9 3 6 7 11 17 20 32 36 43
a 0 1 S 120 2 11 18 1 9
a 1 1 S 164 6 41 59 6 0 2 7 8 14 18
a 2 3 S 204 6 109 125 3 8 11 14
a 3 3 L 150 2 45 69 7 6 7 8 9 14 15 18
a 4 3 S 145 6 96 130 5 6 7 8 11 18
a 5 2 S 144 9 89 122 6 0 1 6 8 14 18
a 6 2 S 190 4 45 37 3 7 8 18
a 7 3 S 169 4 77 126 0
a 8 1 S 217 4 36 34 1 7
a 9 3 S 198 8 199 180 5 6 7 8 11 18
a 10 1 S 139 2 9 11 14 0 1 2 3 4 6 7 8 9 11 13 14 15 18
a 11 2 S 168 9 140 151 3 7 8 18
a 12 3 S 127 6 115 181 3 1 14 15
a 13 3 S 111 5 52 69 7 2 3 4 6 7 14 18
a 14 3 S 183 6 86 95 2 4 9
a 15 3 S 119 6 73 73 4 0 6 9 18
a 16 2 L 185 9 117 112 5 5 6 10 15 19
a 17 3 S 156 6 90 106 1 9
a 18 2 L 187 8 129 194 2 7 8
a 19 2 S 217 9 151 155 15 0 1 2 3 4 6 7 8 9 10 11 13 14 15 18
