ppoi 6 6 2 50 20
b 0 1 0
b 1 5 1
b 3 0 1
b 4 0 1
b 5 1 2
b 6 7 1
s 0 0
s 1 1
s 2 3
s 3 4
s 4 5
s 5 6
c 0 1 150 75 0.85
c 1 3 420 60 0.60
r 0 1 S 231 9 1 35
r 1 1 S 387 5 5 5 25 35 36 41
r 2 3 S 303 2 7 12 17 25 28 35 37 41
r 3 3 L 356 2 0
r 4 3 L 337 5 6 16 30 34 35 37 49
r 5 1 S 304 5 0
r 6 1 L 241 2 1 36
r 7 1 S 280 5 7 6 10 20 23 26 30 34
r 8 2 S 353 7 0
r 9 1 L 315 2 0
r 10 2 S 327 8 6 5 9 12 16 17 49
r 11 1 S 381 8 6 8 28 36 40 41 42
r 12 3 S 347 9 6 3 8 25 28 41 42
r 13 3 L 402 2 2 35 41
r 14 3 L 261 5 0
r 15 2 S 344 7 0
r 16 1 S 407 4 3 36 41 42
r 17 2 S 386 4 0
r 18 1 S 238 4 0
r 19 3 L 250 4 3 9 13 30
r 20 3 S 253 3 0
r 21 3 S 317 8 12 3 5 8 9 24 25 35 36 41 42 48 49
r 22 2 S 373 2 3 24 25 44
r 23 1 S 368 2 1 48
r 24 3 L 352 6 0
r 25 3 S 334 9 0
r 26 2 L 228 5 1 36
r 27 1 L 270 2 3 10 22 28
r 28 2 S 303 7 0
r 29 2 S 289 3 4 3 30 48 49
r 30 2 L 211 7 1 41
r 31 3 S 251 9 3 17 29 39
r 32 3 S 385 2 3 3 10 22
r 33 1 S 293 8 2 12 24
r 34 3 L 405 2 0
r 35 3 L 397 8 8 3 5 8 9 24 25 28 42
r 36 1 S 364 5 0
r 37 3 L 208 7 2 5 41
r 38 1 S 213 8 4 0 9 34 35
r 39 3 S 310 5 3 5 25 28
r 40 3 S 235 3 8 3 5 8 9 24 25 28 42
r 41 2 S 250 5 1 8
r 42 3 S 413 4 0
r 43 1 S 219 7 0
r 44 3 L 281 2 2 36 42
r 45 3 S 344 7 6 9 10 13 23 34 37
r 46 1 L 231 2 0
r 47 3 S 248 7 15 0 1 10 16 17 24 29 35 36 37 39 41 44 48 49
r 48 1 S 378 9 5 5 8 9 25 28
r 49 1 L 382 7 0
a 0 2 S 340 6 49 27 8 2 4 6 7 12 14 15 18
a 1 1 S 295 4 15 11 0
a 2 1 S 259 7 21 17 1 6
a 3 3 S 409 4 57 48 2 12 15
a 4 3 S 394 4 67 35 5 6 7 12 14 18
a 5 3 S 381 6 75 50 10 0 2 4 6 7 12 14 15 16 18
a 6 2 L 330 2 19 9 4 7 12 14 18
a 7 2 S 227 6 31 26 0
a 8 1 S 403 2 12 6 1 3
a 9 2 S 244 8 49 38 3 3 16 18
a 10 2 S 244 4 31 17 14 0 2 3 4 5 6 7 12 13 14 15 16 17 18
a 11 2 S 363 5 41 27 12 2 4 5 6 10 12 13 14 15 16 17 19
a 12 3 L 393 8 133 54 2 7 18
a 13 1 S 333 5 19 13 5 0 5 6 15 16
a 14 3 S 328 4 57 42 3 7 12 18
a 15 1 L 373 8 36 33 7 2 4 6 7 12 14 18
a 16 2 S 295 3 25 15 1 2
a 17 1 L 236 9 24 21 13 0 2 3 4 5 6 7 12 13 14 15 16 18
a 18 2 S 368 2 17 16 0
a 19 1 S 332 8 41 27 1 0
