ppoi 6 6 2 200 100
b 0 2 0
b 1 2 3
b 3 10 1
b 4 1 7
b 5 2 2
b 6 7 4
s 0 0
s 1 1
s 2 3
s 3 4
s 4 5
s 5 6
c 0 1 150 75 0.85
c 1 3 420 60 0.60
r 0 2 S 32 5 3 41 44 59
r 1 3 L 34 8 1 85
r 2 1 S 32 2 0
r 3 1 L 53 6 2 85 100
r 4 1 S 39 9 4 129 133 149 153
r 5 1 S 51 7 1 27
r 6 2 L 45 8 3 52 91 142
r 7 2 S 33 3 3 99 109 148
r 8 2 L 34 9 1 73
r 9 3 S 34 5 1 171
r 10 2 S 45 4 5 116 118 131 149 153
r 11 1 L 47 7 0
r 12 2 L 41 7 1 164
r 13 1 S 30 5 0
r 14 1 L 47 5 4 31 80 92 117
r 15 3 L 28 4 5 10 36 50 80 115
r 16 1 S 39 6 3 85 100 159
r 17 1 L 51 8 0
r 18 3 S 34 4 0
r 19 1 S 48 9 3 124 137 147
r 20 2 S 45 7 0
r 21 2 L 39 2 0
r 22 1 S 29 2 1 16
r 23 3 L 45 4 0
r 24 1 S 36 4 1 172
r 25 2 S 52 6 1 129
r 26 3 L 36 5 7 29 114 132 143 147 156 158
r 27 1 S 38 6 0
r 28 2 S 28 5 2 101 164
r 29 1 S 40 4 0
r 30 1 L 36 6 1 81
r 31 1 L 33 8 5 9 61 147 188 197
r 32 3 S 43 7 1 159
r 33 1 S 31 9 0
r 34 2 S 51 8 6 4 57 81 85 107 165
r 35 2 S 38 3 0
r 36 3 S 48 4 1 161
r 37 2 S 43 5 1 117
r 38 3 S 29 3 0
r 39 3 S 29 4 0
r 40 2 L 53 9 6 24 95 111 116 186 199
r 41 2 S 53 4 1 27
r 42 3 L 54 4 4 5 41 57 168
r 43 3 S 43 9 3 33 63 132
r 44 2 S 38 6 0
r 45 3 L 47 8 0
r 46 3 L 51 6 6 52 61 81 85 98 117
r 47 2 L 43 6 2 27 107
r 48 3 S 48 9 9 22 53 82 95 98 111 128 136 146
r 49 3 S 39 6 2 72 195
r 50 2 S 28 2 0
r 51 1 S 53 9 3 16 149 178
r 52 3 S 32 6 0
r 53 2 S 43 2 6 45 52 145 164 176 195
r 54 1 S 32 9 3 38 97 168
r 55 2 S 37 2 5 95 97 165 171 175
r 56 2 L 39 6 0
r 57 3 S 37 6 0
r 58 3 S 43 2 1 34
r 59 3 L 49 2 0
r 60 3 L 53 4 0
r 61 2 S 44 4 0
r 62 1 L 50 7 1 99
r 63 1 L 41 4 4 20 116 131 133
r 64 1 S 40 6 6 20 45 101 104 133 153
r 65 1 S 43 3 7 100 116 118 129 132 147 196
r 66 1 S 31 3 0
r 67 3 S 31 9 3 63 129 147
r 68 2 L 28 2 1 42
r 69 2 S 48 8 1 22
r 70 2 S 35 6 0
r 71 3 L 33 2 3 10 97 98
r 72 3 L 38 4 0
r 73 2 S 49 6 5 11 100 115 116 133
r 74 1 S 38 8 1 24
r 75 2 L 43 3 1 68
r 76 2 S 44 8 3 29 112 186
r 77 1 S 33 5 0
r 78 3 S 52 3 19 15 25 31 45 47 51 59 63 85 91 105 115 118 138 152 157 158 173 181
r 79 3 S 43 9 3 2 108 111
r 80 3 S 36 9 2 59 159
r 81 1 L 37 4 6 27 100 115 116 133 165
r 82 1 L 45 9 2 101 153
r 83 3 S 28 6 2 118 124
r 84 1 L 28 9 2 29 41
r 85 2 S 34 6 0
r 86 2 S 38 8 3 33 53 184
r 87 1 S 48 7 0
r 88 2 L 36 6 2 44 188
r 89 3 L 39 5 2 45 125
r 90 1 S 44 8 2 71 85
r 91 3 L 30 6 0
r 92 3 S 47 4 1 125
r 93 1 L 48 2 0
r 94 1 S 48 8 0
r 95 3 S 32 3 8 20 104 114 131 174 176 188 199
r 96 1 S 45 7 3 117 161 183
r 97 3 S 39 4 1 153
r 98 2 L 31 9 14 44 45 61 85 100 107 115 131 133 153 161 164 165 183
r 99 2 S 44 3 2 114 119
r 100 1 S 30 7 0
r 101 1 L 45 2 0
r 102 1 S 35 3 2 82 114
r 103 3 S 36 8 0
r 104 1 L 39 6 0
r 105 1 S 45 3 4 97 118 127 178
r 106 3 L 39 4 0
r 107 3 S 29 5 0
r 108 2 S 49 6 0
r 109 2 L 42 9 3 73 114 199
r 110 2 L 51 3 3 124 158 178
r 111 1 S 38 2 1 81
r 112 1 S 40 5 3 100 116 124
r 113 3 S 31 7 9 20 38 100 104 116 118 129 159 183
r 114 3 S 46 5 1 159
r 115 3 S 50 8 0
r 116 2 S 33 9 0
r 117 1 S 53 2 0
r 118 3 S 41 4 0
r 119 3 S 39 3 3 131 153 174
r 120 3 S 40 8 2 33 81
r 121 3 S 52 6 2 52 145
r 122 1 S 41 2 1 83
r 123 2 S 35 7 6 22 47 52 63 72 147
r 124 3 L 34 7 0
r 125 3 S 38 3 0
r 126 3 S 34 7 1 112
r 127 1 S 47 2 0
r 128 1 L 33 7 6 27 45 61 104 115 133
r 129 3 S 33 2 0
r 130 1 L 28 4 5 27 81 99 125 165
r 131 1 S 35 6 0
r 132 3 L 34 2 14 20 38 44 100 101 104 115 118 124 125 129 159 174 176
r 133 2 S 32 2 0
r 134 2 S 28 7 0
r 135 1 L 37 2 2 121 147
r 136 3 S 39 4 1 11
r 137 3 L 37 9 0
r 138 3 L 52 7 0
r 139 1 S 48 6 6 52 61 99 114 119 159
r 140 3 S 35 7 2 57 88
r 141 2 S 49 4 0
r 142 1 S 33 9 8 44 100 101 116 124 149 164 174
r 143 3 L 54 2 6 5 11 52 98 116 195
r 144 2 S 39 5 1 11
r 145 2 S 42 2 3 118 133 165
r 146 2 L 29 8 7 85 101 104 115 129 159 165
r 147 3 S 52 4 8 20 27 101 104 118 129 131 171
r 148 3 S 46 6 0
r 149 1 S 37 9 0
r 150 3 S 54 5 0
r 151 2 L 54 3 2 104 116
r 152 2 S 40 6 4 10 88 89 121
r 153 3 S 51 9 0
r 154 3 S 53 5 1 91
r 155 1 S 33 3 4 63 82 171 197
r 156 2 S 45 4 2 113 186
r 157 2 S 40 6 1 129
r 158 1 L 34 8 4 11 44 107 164
r 159 2 S 50 2 0
r 160 1 S 46 7 4 20 61 118 165
r 161 2 S 28 5 0
r 162 3 S 50 7 1 8
r 163 2 S 54 2 5 45 81 116 133 142
r 164 1 S 37 5 0
r 165 3 S 30 2 0
r 166 3 L 43 4 4 4 88 124 161
r 167 3 S 44 3 4 91 97 159 195
r 168 2 S 39 2 5 118 124 149 164 183
r 169 1 S 45 7 0
r 170 3 S 49 5 0
r 171 2 L 54 5 0
r 172 1 S 35 9 1 27
r 173 3 S 31 2 4 28 145 161 196
r 174 2 L 46 6 0
r 175 1 S 52 2 2 114 183
r 176 3 S 36 4 0
r 177 1 L 38 5 2 36 186
r 178 1 S 33 3 1 149
r 179 2 L 43 6 0
r 180 2 S 38 5 2 77 158
r 181 2 S 42 5 0
r 182 1 L 49 5 1 124
r 183 1 L 48 6 0
r 184 3 S 27 4 1 161
r 185 2 S 27 7 2 54 176
r 186 2 S 39 6 0
r 187 2 S 49 9 1 57
r 188 3 S 35 6 0
r 189 3 L 40 2 1 172
r 190 2 L 43 3 0
r 191 3 S 34 2 1 150
r 192 1 S 29 2 0
r 193 1 L 49 2 2 128 196
r 194 1 L 45 3 0
r 195 1 S 47 8 2 115 164
r 196 3 L 49 5 7 44 101 125 129 161 165 176
r 197 1 S 54 7 6 59 115 116 131 161 183
r 198 3 S 31 4 4 52 82 96 184
r 199 1 S 50 8 0
a 0 1 L 31 2 3 2 8 15 28 39 57 71 72 78 92
a 1 3 S 53 9 46 51 17 3 14 16 20 38 40 42 47 50 63 65 73 78 93 94 97 99
a 2 3 S 40 2 12 11 3 53 82 87
a 3 3 L 28 4 15 26 15 14 17 18 20 32 34 37 38 41 44 53 78 92 98 99
a 4 2 S 38 8 17 23 2 41 61
a 5 3 S 45 3 12 11 11 17 18 20 25 29 32 38 41 67 94 98
a 6 3 S 48 9 34 32 3 8 34 88
a 7 2 S 50 8 38 63 8 10 39 41 60 61 72 74 98
a 8 3 S 37 5 22 36 0
a 9 2 S 53 6 25 36 1 49
a 10 3 S 27 9 32 34 1 97
a 11 2 S 34 4 9 12 3 31 58 60
a 12 2 S 29 2 6 10 6 29 57 60 67 68 74
a 13 1 S 38 5 9 10 23 0 2 6 20 25 37 38 40 42 45 48 51 53 58 63 66 67 75 79 80 88 90 98
a 14 3 S 40 6 23 28 7 17 18 20 32 34 37 99
a 15 2 L 53 8 39 64 21 3 14 17 18 20 25 29 32 34 37 38 41 44 48 53 67 78 92 94 98 99
a 16 2 L 45 3 9 11 13 5 18 32 37 38 41 60 63 67 78 92 93 99
a 17 3 S 36 6 24 29 2 32 38
a 18 1 S 49 5 11 10 3 17 32 38
a 19 1 L 33 7 7 11 1 82
a 20 1 S 53 8 21 33 3 17 32 38
a 21 1 S 31 3 5 7 1 42
a 22 3 S 44 5 17 23 33 3 5 14 15 16 17 18 20 25 29 32 34 37 38 41 44 48 53 60 63 67 72 73 76 78 82 90 92 93 94 97 98 99
a 23 3 S 46 9 44 68 4 22 53 67 82
a 24 3 S 52 3 19 26 0
a 25 3 S 42 3 17 28 10 14 17 32 34 37 38 44 78 98 99
a 26 3 L 30 9 22 33 38 3 5 8 10 14 16 20 22 29 32 34 37 38 41 42 43 44 50 57 60 63 67 68 69 72 73 74 76 77 78 88 90 92 93 94 97 98 99
a 27 1 L 32 9 15 19 4 10 17 69 91
a 28 1 S 52 5 9 7 20 8 10 14 16 17 18 29 32 38 41 50 53 57 72 73 74 78 88 93 99
a 29 3 L 27 3 10 14 12 14 18 20 32 34 37 44 53 78 92 98 99
a 30 2 S 50 3 11 15 2 66 75
a 31 1 S 34 4 7 11 11 7 8 10 15 19 38 68 69 75 91 98
a 32 2 S 41 8 28 47 0
a 33 2 S 32 9 26 25 2 76 77
a 34 1 S 33 9 12 17 2 32 38
a 35 1 S 43 2 3 3 9 39 48 50 57 68 78 89 92 99
a 36 1 S 42 3 5 7 3 44 50 54
a 37 2 S 32 5 9 15 3 17 32 38
a 38 3 S 49 5 20 16 0
a 39 3 L 48 5 31 34 6 3 8 22 34 82 92
a 40 1 S 44 8 17 30 6 34 68 69 90 92 97
a 41 2 S 36 5 12 10 1 17
a 42 1 S 43 8 11 11 0
a 43 3 S 38 6 24 26 0
a 44 2 S 44 6 15 26 9 17 18 20 32 34 37 38 98 99
a 45 3 S 43 7 39 60 24 3 5 10 12 18 28 31 32 42 43 49 50 57 63 67 68 69 73 76 82 85 88 89 90
a 46 2 S 37 8 23 35 1 77
a 47 3 S 29 9 33 45 19 5 8 15 16 25 36 37 40 53 57 67 73 76 82 88 90 93 94 99
a 48 1 S 52 8 20 34 20 3 14 17 18 20 25 29 32 34 37 38 41 44 53 67 78 92 94 98 99
a 49 1 S 52 6 13 10 2 42 85
a 50 3 L 52 5 39 41 21 3 5 14 15 20 22 34 37 38 41 42 44 48 60 63 67 73 78 90 92 97
a 51 3 S 37 7 31 40 10 3 5 22 33 34 37 73 78 86 96
a 52 2 S 52 6 19 29 2 65 77
a 53 1 S 54 6 14 24 2 20 37
a 54 1 L 34 7 7 11 8 17 39 42 46 60 69 72 92
a 55 2 S 32 5 15 21 10 10 16 26 31 36 47 50 58 67 71
a 56 1 L 40 5 7 5 1 5
a 57 3 S 50 8 59 72 19 5 15 18 20 25 34 38 41 42 48 53 63 67 68 69 76 78 90 99
a 58 2 S 39 5 13 19 1 29
a 59 1 S 49 9 12 21 8 2 11 18 21 65 70 86 88
a 60 3 S 46 5 25 28 6 3 20 29 41 92 94
a 61 3 S 52 5 26 31 2 20 38
a 62 2 S 27 8 21 17 6 8 13 44 53 54 94
a 63 1 L 46 7 11 16 21 3 14 17 18 20 25 29 32 34 37 38 41 44 48 53 67 78 92 94 98 99
a 64 3 S 47 3 16 17 1 96
a 65 1 S 32 4 7 11 30 3 10 14 15 16 18 22 26 32 34 38 39 43 44 46 48 50 57 60 67 69 74 76 77 82 90 91 92 93 99
a 66 2 S 28 7 17 20 6 7 34 36 42 88 92
a 67 2 S 47 3 8 10 10 14 20 34 37 38 41 44 53 78 99
a 68 1 S 45 3 7 7 11 20 22 25 32 48 53 67 82 90 94 99
a 69 3 S 30 9 29 27 17 3 16 17 29 32 34 44 63 72 73 76 82 90 93 94 97 98
a 70 2 L 34 2 6 5 6 16 23 33 49 68 77
a 71 2 S 42 2 7 7 19 14 17 19 23 43 44 46 47 53 65 68 69 74 75 77 82 86 87 92
a 72 2 S 52 8 25 44 8 3 18 29 34 41 53 78 92
a 73 1 S 36 4 6 7 7 14 38 41 48 63 76 94
a 74 3 S 54 4 31 49 5 5 18 20 37 63
a 75 2 L 30 3 5 4 1 14
a 76 3 L 32 8 27 44 0
a 77 1 S 49 5 8 6 6 37 44 60 67 72 76
a 78 1 S 39 6 11 13 2 20 99
a 79 2 L 47 4 18 19 1 63
a 80 2 L 41 4 10 10 6 21 28 44 68 87 92
a 81 2 L 43 4 17 27 12 2 25 26 31 40 42 44 51 56 66 96 98
a 82 3 S 29 5 15 24 21 3 14 17 18 20 25 29 32 34 37 38 41 44 48 53 67 78 92 94 98 99
a 83 3 S 35 3 11 12 26 1 4 17 18 19 21 22 25 32 35 37 39 43 47 48 54 61 67 71 73 76 78 89 90 97 98
a 84 2 L 34 6 20 20 3 13 27 32
a 85 2 S 38 3 11 15 15 3 12 32 38 39 50 53 63 69 73 74 77 82 86 97
a 86 1 L 45 6 14 18 2 16 48
a 87 1 S 48 8 16 23 17 8 10 12 17 22 32 37 50 53 60 61 63 68 74 77 90 92
a 88 1 S 29 2 2 2 4 5 34 69 93
a 89 2 S 41 5 18 15 3 34 36 46
a 90 2 S 42 4 11 10 10 14 18 29 34 44 63 67 72 82 93
a 91 1 S 34 9 14 16 2 16 25
a 92 3 S 47 6 38 36 6 17 18 32 37 38 98
a 93 3 S 32 7 20 19 7 3 14 17 18 29 44 78
a 94 2 S 31 2 6 8 0
a 95 2 S 40 6 22 32 17 1 8 18 24 26 35 37 44 45 47 50 68 72 76 86 88 94
a 96 1 S 30 7 10 16 15 14 16 18 34 40 42 44 61 63 68 76 77 85 88 91
a 97 3 S 32 6 17 16 0
a 98 1 S 42 9 19 24 3 17 32 38
a 99 2 L 37 7 15 14 3 17 32 38
